0,1,2,3,4,5,6,7,8,9
0.2287508612454726,0.07053418163820374,0.07116292879851718,0.06538371217839807,0.09576652360328043,0.10101107926353924,0.10489239478119916,0.06853843380913874,0.11412172099758182,0.07983816368466916
0.2030179138418315,0.07114866005828167,0.07175029335096234,0.06622416237634138,0.09811950513280095,0.11082012768592472,0.11011865107359976,0.0697585401600474,0.11489297135766623,0.08414917496254407
0.19134474374736052,0.07641125810370995,0.08058234430456843,0.06869626575893745,0.10444825151510767,0.09684533282527212,0.10139148322936872,0.07327362526546449,0.11947449013171628,0.08753220511849433
0.2403233370130686,0.06940129811943646,0.06954797526630978,0.06325816003318396,0.09613257853128573,0.10075956260784587,0.10346390696958933,0.06261944730122426,0.11448979288598261,0.08000394127207343
0.1950092144114026,0.07179647535151587,0.07220219708386899,0.06557063442618608,0.1060015978659173,0.11914472085573205,0.11017942615366723,0.06576793087849546,0.11579892574991561,0.07852887722329882
0.1356549543285179,0.08382696026677137,0.08436272945010971,0.08547648173040506,0.10989924399662251,0.1141590761173152,0.11708562162846493,0.07810264824767586,0.10863995773771017,0.0827923264964072
0.20046697903177174,0.06783003103892792,0.07387399889401565,0.0649771132057348,0.10564381580349404,0.10332294904711921,0.10484876357283658,0.07154647104859807,0.1212360641470169,0.08625381421048511
0.20570071346821892,0.06883814048134176,0.07508691769422697,0.06653005527474681,0.1065540680005881,0.10415553246070892,0.10393136904652212,0.07357088024600263,0.11100130411195432,0.08463101921568944
0.17843784317433978,0.07309413909301679,0.07675164366846923,0.06730382972747223,0.10365466323934294,0.10550652276796928,0.11004815050268892,0.07122561694683435,0.12302569930627753,0.0909518915735889
0.20808948659624432,0.06663928604776974,0.07214822181434011,0.0621723491496261,0.10033507585112264,0.10521675695563372,0.11073053504219975,0.060456260259332414,0.12769334754690648,0.08651868073682473
0.19032638956062356,0.07063022399341191,0.07448204742570477,0.06485844501072303,0.10229676810850963,0.10801270135783674,0.11454744634447504,0.06810216504790836,0.12465487396102372,0.08208893918978323
0.19821417127944088,0.06787629428238127,0.07167854717307838,0.05874078488707991,0.10709015316012088,0.10955222555419611,0.11280587539869398,0.06203312586780944,0.13034366299349487,0.08166515940370425
0.18648077722158082,0.06640895696004875,0.07781331312763762,0.06550628269373537,0.10549838050808054,0.10840825763109048,0.11147912469968808,0.07163244626436206,0.12282412432828056,0.08394833656549568
0.2404326527210626,0.062032057252980694,0.06599220702455291,0.05568795149949914,0.10495731557923353,0.10809408142081012,0.10945751790625136,0.05737081715827348,0.12091921978273099,0.07505617965460518
0.24710011163027337,0.06115522968994528,0.06806947145923725,0.05588358684879227,0.10281243456043271,0.10504445100734437,0.10739998418335082,0.058610835650157164,0.11921968497517985,0.07470420999528689
0.20415226654345547,0.06839012486622612,0.07057393260964885,0.06045060537136751,0.10829520437142545,0.11329492403023307,0.10993055131246046,0.06405500679891227,0.12205802257773458,0.07879936151853614
0.17930015809333205,0.07624161681723124,0.08024772391111597,0.06494606933722984,0.10315841930415656,0.10640946536797187,0.11135238218693963,0.07205556795029651,0.12148834391942902,0.08480025311229734
0.1953608414335664,0.07326493679100887,0.07767428748073003,0.07058333169414126,0.1032500053969316,0.0996444485425345,0.10969046858817608,0.07175186571830128,0.11340822085945872,0.08537159349515125
0.26377639461671176,0.06350480788667232,0.06949642724667257,0.05816612784002107,0.09938320280819107,0.09541282581198181,0.09786645141288983,0.05892542018426449,0.11969556690454045,0.07377277528805465
0.24500366963856846,0.06352591356152233,0.07080929929087854,0.060531998419455876,0.10095905253101772,0.09845223865387293,0.10432573302083764,0.0657834637645249,0.11283502656479769,0.077773604554524
0.21824964377547135,0.06574340836513354,0.07199996643569423,0.06118557033411902,0.10549133807436689,0.10567031058094639,0.10613823347450647,0.06496252256320714,0.12053271484084918,0.08002629155570576
0.19653392339626674,0.0716237326651142,0.07635349750459587,0.06867661933069655,0.10459988347345439,0.11039982854212799,0.10612096231447388,0.07213072481449369,0.11188210306640925,0.08167872489236748
0.1853705876741692,0.07103927155512717,0.07544574947386634,0.06529179817796722,0.1051361682180802,0.10765009911226464,0.11062763522959002,0.06982958686334959,0.12421697470266906,0.08539212899291658
0.26864282102437154,0.0635179160803263,0.06696390939498613,0.05676052338409624,0.10543208364500742,0.09474857172078736,0.10062835919142658,0.058018855616483934,0.11302072598238182,0.07226623396013263
0.1931962491854127,0.06756111297746686,0.07196484901105692,0.06406142393683961,0.10257154651712781,0.10813285093248169,0.11832422025394979,0.06613383642223146,0.12402404666040125,0.08402986410303188
0.5841765438764254,0.03528994697859897,0.03546414662780266,0.031797525860788135,0.05565043529243021,0.06073928239711401,0.0602984636018092,0.03069916555710539,0.06289018036636566,0.04299430944156033
0.1763163020287058,0.07558048248724074,0.08008301125481641,0.0716825791415965,0.10801661485763434,0.10040547222173002,0.10275949832908098,0.07635207217189971,0.11961666754369484,0.08918729996360067
0.20194080367081116,0.0702979954279699,0.07814538117720338,0.06395831936845071,0.10483673736584909,0.09759071388679964,0.10279021506095601,0.06579943837202368,0.12465656976613633,0.08998382590380008
0.2140236414201677,0.06959720942043585,0.07455452313328399,0.062145308157663295,0.1025009353627709,0.10166727274935593,0.10892949353259136,0.06428002637866746,0.12161755392204747,0.08068403592301604
0.2195614002915739,0.06780099413484415,0.06962566357151052,0.06400062574360914,0.10054451942864105,0.10486590345212578,0.10580411646502144,0.0698502786194782,0.11578378335231873,0.08216271494087708
0.19210245690201302,0.06956454136385039,0.07380790800398557,0.061289569252687186,0.10365707033902752,0.0987607682823732,0.1136200210689285,0.06508170881554118,0.13233040024182974,0.0897855557297637
0.1931087038037121,0.07175254062213582,0.07887432254924459,0.06305950731912652,0.10579277080016194,0.10540721668877236,0.11027646740827224,0.06508378476145765,0.12361258467361387,0.08303210137350289
0.20477713148200952,0.07066867655211442,0.07722899380275611,0.06376090459479085,0.09991596682994121,0.1083443063804049,0.11089901050538932,0.06615689596649409,0.11851252105828686,0.07973559282781277
0.13850894007784786,0.09993925344619015,0.08034084825679343,0.07507276846641125,0.11534021592408958,0.0979549502004636,0.10740252851482293,0.07606864595647655,0.11689440741489743,0.09247744174200721
0.15820796600775852,0.07787967041410077,0.08382580147870361,0.07602922294696424,0.11124573207761765,0.1200121788451574,0.11497826399295813,0.07106417154585021,0.10657976697333324,0.08017722571755626
0.25256673579459193,0.0615173351711947,0.06258103963267045,0.05681791290784357,0.1019501056405696,0.10241608726738932,0.10818981354483512,0.06224449066440911,0.11463227388943602,0.07708420548706021
0.2775693866105928,0.06500310692488771,0.06447522033278259,0.057416954763784285,0.09836245399207175,0.0999070900359617,0.1001690592363828,0.057356150597781916,0.10640089288316838,0.07333968462258607
0.20622106473926252,0.06790933990503341,0.07177005363771316,0.06254402806314886,0.1009480475165036,0.10138884839215447,0.11147034395433479,0.06515659990553373,0.12769718124834348,0.084894492637972
0.22081064175113044,0.06517329477849934,0.06694079410553136,0.06204422373773363,0.106845654443361,0.11036657224185582,0.11011762937004646,0.06169235747834399,0.1168000762462561,0.07920875584724184
0.17605900306932826,0.06897278459405574,0.07548990451429699,0.06243437566969407,0.10957910466852623,0.12449678758524725,0.11677907265256832,0.06076855959211803,0.12536972559905743,0.08005068205510771
0.2131149576881285,0.06794397971560616,0.07900651764759731,0.060139293004450395,0.10931425956531263,0.1000450520779692,0.10235469768124307,0.061754443216392604,0.12351721771466077,0.08280958168863943
0.1933898150402378,0.0750694521946399,0.07489357949798005,0.06307461476638486,0.10152554259544908,0.11054662286981705,0.1151158869600253,0.06349156270152963,0.12420925342440439,0.07868366994953199
0.23744594866815513,0.06418027330926246,0.06834492871028426,0.061324376150925064,0.09973475400028825,0.10077315647056388,0.10796737565569582,0.06199023321449353,0.1199598897413884,0.07827906407894322
0.22180414955717623,0.06612139043227572,0.07122944938793177,0.06175869235821626,0.10709799000074012,0.10190140334711142,0.10376952929364702,0.062937970349359,0.12800316121968958,0.07537626405385286
0.19299250904949544,0.07898524605804545,0.07676221546361393,0.06582162431056109,0.1156879061862179,0.10195096916708829,0.09991183196235165,0.0649911162511808,0.12194565593488883,0.0809509256165566
0.1896744993962593,0.06960751783372007,0.07638730581140986,0.06607867948445086,0.1010337310577279,0.09618287761763694,0.11118799320937958,0.07040771778374647,0.12510780069846256,0.09433187710720645
0.1969373589588439,0.06929632982995206,0.07861196065871656,0.06043137410613777,0.10761280659501461,0.10984998389797239,0.10580082704586752,0.058156769755033096,0.12977703272174604,0.08352555643071607
0.19251664297053775,0.0644586217963692,0.06721494331010608,0.05880793335657546,0.10754102892079323,0.11426506508223058,0.11847514179328887,0.06082902622756989,0.13064771429771627,0.0852438822448126
0.205508518615209,0.07048844569739374,0.07595336509870283,0.06371881446169922,0.11304227712996906,0.0978137498334564,0.10315337588216765,0.06508931906207872,0.1229970288793861,0.08223510533993733
0.17590239005999742,0.07967262852092975,0.07942187575075957,0.0696894150763665,0.1157851274783556,0.09705457566645177,0.10313305562005627,0.07982375119247861,0.11041271573617466,0.08910446489842981
0.13521223612574917,0.08740147027125647,0.09006762873834635,0.07907490845987296,0.10831577170928564,0.10226794957863927,0.10769148280759436,0.07594946290783794,0.1163902291037071,0.09762886029771077
0.2245249101228329,0.07029718140681748,0.06890384788277146,0.06637107398229805,0.09925387023491618,0.09845702876438514,0.10573474757292055,0.07032376094759442,0.11384466678886172,0.08228891229660211
0.17395553545517384,0.08297242442636699,0.08637080873358459,0.07537979328134937,0.10507985762431167,0.09926635292320274,0.10049954924803152,0.07680339013674303,0.11195345981559043,0.0877188283556458
0.1834879585223743,0.0810858190640728,0.08009160281328812,0.07621720450708591,0.10304235042433302,0.09554321819029656,0.1033005354189476,0.08327609781255386,0.10927982158317008,0.08467539166387777
0.20831756458352108,0.0698539711470011,0.06793311446583075,0.060969275240813296,0.11321158951690732,0.11303312639514543,0.10410257809465437,0.06190261130487121,0.12315173607521346,0.07752443317604196
0.20709174934456928,0.0698253710081914,0.06904069518712332,0.05804582261104167,0.11340191021559372,0.11162020105086008,0.10680967503851287,0.05697562929303672,0.12946245010059704,0.07772649615047383
0.19009604276106598,0.06799533437671659,0.06658925733857153,0.06058137529208622,0.11470664305783633,0.11618516531502453,0.11715371647701167,0.06101236817486012,0.12849794427915642,0.0771821529276706
0.24584306904192074,0.06539438153897523,0.0651828173363871,0.06041520488148459,0.1016800822902115,0.1093134255857113,0.09714108531969133,0.05985888312889891,0.1147101511437815,0.08046089973293773
0.23445282128453232,0.07027921700934195,0.07338045366802046,0.06666273359925752,0.09498748337271228,0.10232470232995317,0.09869461858928086,0.06759799238397164,0.10977487005380976,0.08184510770912011
0.1353595486346996,0.08326224060738942,0.07843474117785107,0.07507712121411433,0.12894955943191666,0.11819382638681118,0.11401002721178326,0.06968117254011295,0.11282753852752207,0.08420422426779943
0.16598004603569044,0.07145275997902405,0.07261827411226807,0.06991671673667592,0.11620336767821414,0.12130102275406912,0.1206215222215839,0.0669906508960468,0.1165064326462093,0.07840920694021826
0.14295967972033877,0.07766923722892884,0.08271475590151642,0.07239120323194835,0.11744207844966202,0.10425326718608399,0.10846040290450923,0.06552887755794498,0.13497970718923794,0.0936007906298294
0.2018606443112781,0.07375807885054021,0.07373806103525131,0.06737001450661423,0.10679493664990247,0.10271242439723002,0.10568673870707468,0.07028552199201095,0.11479383620853488,0.08299974334156306
0.1822574854422395,0.07162492826092494,0.07534910912511741,0.06757252955156147,0.11113904173971131,0.10342120747815411,0.10857285998815402,0.0718411149795126,0.1218793316773534,0.08634239175727121
0.15464596960320084,0.07295753441075738,0.08620360592457396,0.07646100148523362,0.10712520833604867,0.12083839944243002,0.1160823889300061,0.07199244906764679,0.11086518807056248,0.08282825472954018
0.18801382686014867,0.06820241816258299,0.07328818137296204,0.06231071251294704,0.10914223398453352,0.10200345916261269,0.11015434223061414,0.06612769612607096,0.13532031866129804,0.08543681092622986
0.15001076653019638,0.07525599438872146,0.0783626509559234,0.0640707070498891,0.12468177662867484,0.113472309462356,0.11001643065382226,0.06331242148451176,0.13342850914117482,0.08738843370473005
0.2163381006421216,0.07232414253861284,0.07614715018270189,0.06790485243272434,0.10135241737383818,0.10179129121677954,0.10169651017918303,0.07219348869330108,0.10872945757124676,0.0815225891694907
0.20351509893405054,0.07414447739435302,0.07563121351814335,0.06690459518664818,0.11261207668447305,0.10145518844617939,0.10299147779423724,0.0667714494748749,0.11525138102777574,0.08072304153926457
0.2152931592782949,0.06731862688739035,0.07188839984047946,0.06498739789553261,0.09916195980361023,0.09883134542910195,0.10762367094193621,0.0679202125770708,0.12221872375198874,0.08475650359459472
0.172926274413976,0.07423318906354585,0.08153249996022761,0.06831636585843862,0.10925189873156199,0.1000332827895946,0.1036674521103871,0.0733360437419282,0.11790360524339283,0.09879938808694722
0.23032367477909665,0.06610316853692563,0.06709284384819425,0.061137529670722154,0.09736747831101078,0.1114899313649276,0.10631775201171975,0.06431741933899418,0.11727964743418344,0.0785705547042255
0.17395474726662705,0.07526380195716935,0.07355051456623311,0.0649726510931633,0.12491420783461571,0.10922560519326471,0.11310950829581902,0.061568761169418215,0.12445124125193469,0.07898896137175485
0.20686141818128145,0.0682010354890894,0.06837500134964859,0.05862273518312067,0.11577415010935857,0.10604815076598009,0.11146240935711117,0.06175335367472091,0.12455451930547458,0.07834722658421456
0.1955114520520088,0.07021681499743622,0.0725141857876496,0.06325592083525237,0.11292591844333844,0.11867199679529297,0.10383689317074968,0.06243702715929621,0.11853453163636533,0.08209525912261047
0.14487777262132268,0.07609678399383504,0.07516448601425603,0.07489798887787982,0.11432543891131237,0.11891918969224688,0.12601730209987808,0.06757401145428459,0.11867174746964594,0.0834552788653385
0.19269639389333443,0.06520695533912865,0.07113162348247513,0.05673561648100873,0.1085449304140688,0.11640437783224554,0.11594637909313392,0.06203132965015165,0.12966681851842166,0.08163557529603148
0.20605431287153284,0.06941520962430339,0.07139188780677364,0.06528854672066264,0.10335229199006334,0.11184585050250409,0.11446353012745163,0.06693731221123844,0.11323565543797455,0.07801540270749542
0.584601902669523,0.0350499623920706,0.036624871336017474,0.031595840838570276,0.05526006033820563,0.05528178485539095,0.05880363273714848,0.032355780449787055,0.06733211560193021,0.04309404878135626
0.18381719030445523,0.07155798771115751,0.07364102566961292,0.06272486897765908,0.11631572986813085,0.10991037187144924,0.11373662148868925,0.05903727671512834,0.12783219860956774,0.0814267287841498
0.2370987276584735,0.0701861478938119,0.07377350666716519,0.06312305604806723,0.09701856763179739,0.10186328863658295,0.0984217398779968,0.06271394502805412,0.1153515474926491,0.08044947306540184
0.20109154382950165,0.06731135898994219,0.07383728132522388,0.059809102854975704,0.10408933060603134,0.10248329216010797,0.10997474741554812,0.06639800150554935,0.13133623121211013,0.08366911010100962
0.16841353959843305,0.06805235995594067,0.07649419777266173,0.06306872201940612,0.10973726999769201,0.12799924760919607,0.12000589190223636,0.06350134298916665,0.12472036571650119,0.07800706243876615
0.21110615818321388,0.06788965052071898,0.07068610322612859,0.05729501727270152,0.103514586421069,0.10533797235351967,0.11072974178501033,0.060658645725865136,0.12633483561815353,0.08644728889361934
0.17140666810601765,0.07644905032366718,0.07959281696106361,0.06799833938620523,0.12045409671645264,0.1091149069793042,0.11148460871496156,0.06527195031402058,0.11822942769383073,0.07999813480447665
0.2558320877823764,0.06460288739074585,0.06616393182513851,0.05969136316638919,0.10008815212234567,0.09830283388513646,0.10485071132867081,0.058553902160108376,0.11695113907627849,0.07496299126281018
0.1629696890561267,0.07792588094747319,0.07732318654695462,0.07056131433625867,0.11498735152894601,0.1123276398701172,0.11036592412071718,0.07087247415138567,0.11481535966899444,0.08785117977302634
0.23361601579612148,0.06729853571496151,0.06911121912165974,0.05929031121018876,0.10554126398929643,0.10017756412343258,0.10294792323192815,0.06266605662306846,0.1224669954517448,0.07688411473759811
0.1655304986013414,0.08070528840916916,0.07858018636133927,0.0704403121933903,0.11742253276956939,0.1081098992192172,0.10836977782285409,0.07150756474538277,0.11649040714418245,0.08284353273355399
0.2070689150320493,0.06889597269633302,0.0758149996394008,0.06388606481014521,0.09851675538726617,0.10549639299853014,0.1088916685235052,0.06581297965827594,0.12232698427718211,0.08328926697731202
0.21087117715571083,0.06950785971634635,0.07027305187348232,0.058987161488346436,0.11291134675325702,0.1033413227207387,0.10717168115648791,0.06064767258211642,0.12710756013994706,0.07918116641356698
0.20863141198669205,0.06667136018242623,0.06686360578197215,0.05792602132193276,0.11335118363123087,0.10574839916847906,0.11247711942031947,0.060534252588043395,0.1281588056521806,0.07963784026672338
0.15316273598379446,0.08261702582339783,0.08326736237483093,0.07072750538181913,0.12101600551394548,0.10100300695968725,0.1090056441544198,0.06810135208105417,0.11925768319292608,0.09184167853412493
0.20265423333740673,0.0679494069957116,0.07238918827693655,0.06158415519631312,0.10219095989040816,0.10998816783092764,0.11405016434982755,0.06543493328059169,0.12304592456982233,0.08071286627205458
0.20945644155993254,0.07061695497624008,0.07525512565719945,0.06970042905338615,0.09608226531757114,0.10456306874633176,0.10882559695444052,0.07110760179752212,0.11020798463255219,0.08418453130482409
0.1863332311426974,0.07311361934558792,0.07545342381362456,0.06448712941352629,0.10413370351975541,0.10684573186008194,0.11005212394775302,0.06453831913820385,0.1274288316553133,0.08761388616345628
0.17398026110980813,0.08427290422135333,0.07406884446909637,0.06944813712981804,0.10727292898514118,0.10417379021411549,0.11320261238032438,0.06881547280791217,0.12100793827735759,0.08375711040507335
0.20724970000251514,0.06881511253820193,0.07235070362183145,0.0628227049249858,0.10427335635019994,0.11375473046281154,0.11541395405090671,0.06302019899700716,0.11505763378163716,0.07724190526990322
0.19115892947578927,0.0752526753839052,0.07450659904984251,0.06756451300545022,0.1078448231642658,0.11367085093267139,0.10865921136817251,0.06825712336088366,0.11279903963733147,0.08028623462168795
0.2135435208729775,0.07024994258006764,0.08030393719462965,0.06994193124685115,0.09640071362258294,0.10228328978670397,0.10294084477971827,0.07414657305481058,0.10720164450959734,0.08298760235206089
0.20305620153382814,0.0694072544980038,0.07468446794199111,0.06060086141167112,0.10860566718712629,0.10102581643185507,0.10589522240062438,0.06584595295732532,0.1223285550464046,0.08855000059117017
0.1302092572298249,0.09242329868257099,0.08106756542944306,0.08647988153315023,0.13135123628072928,0.10476634292362563,0.1091512471892139,0.07076741439549136,0.1088071071243206,0.08497664921163
0.1645594893058423,0.07124783573079055,0.07237571107733741,0.06704049606256636,0.1120719853746404,0.1259562013490037,0.12283839402338009,0.06622965084002459,0.11956219074434185,0.07811804549207273
0.24342166025350603,0.06205278447999897,0.06561514226138747,0.05723940402968731,0.1050229916443061,0.10440376693719752,0.10888640767143584,0.05804841900642175,0.11782638262184535,0.07748304109421374
0.2640665237731078,0.06449525158807937,0.06632201852125968,0.059597340443856305,0.09530579313909439,0.09321958284413649,0.10201718082661414,0.06100072442159307,0.11709694555476219,0.07687863888749648
0.2356081302368014,0.06807378111233894,0.06908112834390989,0.06127642726084555,0.10181126516067154,0.10306249040843667,0.1029722307111252,0.0644239686724128,0.11168514833397117,0.08200542975948683
0.10981275374300487,0.10259098904055981,0.09076134594603799,0.0912932322073653,0.10954232403159904,0.10125457941588224,0.10509027064526515,0.079440858627793,0.1082560077948437,0.10195763854764889
0.1047597822418055,0.08614467670917217,0.10050960849238899,0.08843530722109505,0.10599759261753444,0.11982247233363852,0.11751528027762238,0.08460697973516663,0.1095616537621893,0.08264664660938702
0.17089375449093272,0.07629909529030934,0.07325837175900833,0.06414809630445348,0.12938354807890717,0.10863993662434335,0.11029490511994847,0.06450492620162641,0.1228932820216467,0.079684084108824
0.17426750997738952,0.07727154937121818,0.0704686192584876,0.06415035873536844,0.12091961960907222,0.11037065374782055,0.11758779790313097,0.06144507609939465,0.12427695458585447,0.07924186071226343
0.25800000450128047,0.06642879550943523,0.06661555307087619,0.059336661412436535,0.10252714029828602,0.09690527722501577,0.10529795195379617,0.058432839251659034,0.11244398643614947,0.0740117903410651
0.20406774781401574,0.07111597173729857,0.07438477971160945,0.06696522206802509,0.10192621655771637,0.10337099232025766,0.10421132052608809,0.07345157418112949,0.11550651389636842,0.08499966118749112
0.2480163119352521,0.06678523621654324,0.0696258297473424,0.0603407863321364,0.10441996128747832,0.09811308636353075,0.09729792263752052,0.062277779863842114,0.11873295257623541,0.07439013304011868
0.1946319775750679,0.07225441645414386,0.0753969674121014,0.06704637432240326,0.10342049059578519,0.10015823023705958,0.10520219065846287,0.07653625782037814,0.1111822898338607,0.09417080509073711
0.22879304082910995,0.06376520264548889,0.06639596905838434,0.05794429018807738,0.10109957691619093,0.1014117046085752,0.11610702070977505,0.06142396568929745,0.12396390606347174,0.07909532329162906
0.18293752009964073,0.07430827339017233,0.08218193454701295,0.06612409871750739,0.10875730882578141,0.11543992198917843,0.10435615849204664,0.06293106801534783,0.1201243226892926,0.08283939323401972
0.24060224916687897,0.07169770819846656,0.07057532588163012,0.06352680304984532,0.10190194722547877,0.09236428723338021,0.10029838504031924,0.06322211226397105,0.11959531627101767,0.07621586566901208
0.268763078192663,0.06308450871958493,0.06714297630255939,0.0590741546592073,0.09625351360295276,0.09313496658242244,0.09832219817469981,0.06085552980850619,0.11761635491964942,0.07575271903775482
0.21498313522177015,0.06897943574026748,0.0700102629543964,0.06551025921338471,0.10302450908469654,0.09991971793191062,0.10668267741402379,0.06740003685786616,0.12150509347037007,0.08198487211131406
0.18042887882995154,0.07283513941433895,0.0737370057860116,0.06724383705144654,0.11951222822582706,0.11176121796157501,0.11318346561199691,0.06799253772380474,0.11606752984033425,0.07723815955471348
0.176494580821915,0.06785448665948068,0.06871100998738673,0.061741217361780266,0.10525746446405362,0.13125895225948625,0.12899463846745626,0.06044951988874914,0.12123631627794636,0.07800181381174567
0.19835580114160756,0.07101462146148181,0.07289737077067271,0.06585431750035078,0.10565425763552173,0.11333110566482886,0.10805967338358638,0.07001186988678616,0.11336343367566667,0.08145754887949733
0.2224792295711601,0.06262397437981647,0.06665709369826683,0.05572450058070918,0.1113987982663807,0.11062757115575646,0.10899352908515726,0.05797790430495168,0.12335883428809707,0.08015856466970421
0.18885337645273664,0.07348079243673478,0.07960839596414766,0.06922299519082156,0.10210218340553529,0.10227518640201672,0.10663594745721357,0.07390169289663609,0.11733661757759906,0.0865828122165586
0.2637003374409442,0.057770635075356305,0.06478980416237189,0.05413449817308642,0.10045857670716458,0.10109422049613431,0.10568668151132582,0.05877708096221118,0.11824236893122306,0.07534579654018221
0.19499762260507852,0.07238793896309006,0.0765681958198066,0.06952184171715331,0.10266850438100125,0.09923890940941837,0.10479639110175758,0.07167344709864022,0.12195583428649255,0.08619131461756155
0.2157705723646611,0.07208131251945504,0.08218556578433517,0.06850931226971423,0.09581104916213405,0.10142276867393771,0.09872543467974282,0.07145145700365096,0.1108389674216696,0.08320356012069938
0.18317215069334342,0.07116346138918053,0.06815261135603293,0.06523635224461793,0.11477456967893572,0.12671524251405997,0.11811812410835311,0.06241316119483051,0.11362849447542069,0.07662583234522512
0.15500917798444283,0.07309719227274297,0.08588283924977877,0.07503382967277729,0.10393379851359745,0.11919127867590687,0.11754785040395019,0.07454133807406295,0.11276475095040839,0.0829979442023323
0.16888844269169556,0.07200055402458555,0.08672138445530332,0.0725661256725689,0.09856115319366428,0.10971548828261252,0.1116914394197756,0.07633263027578692,0.11576291565060164,0.08775986633340567
0.2046718022819595,0.07195583128288509,0.07246754842130491,0.06362603798453717,0.10907038233731306,0.10607817423263077,0.10951647944692816,0.0633002240365597,0.12168879747645739,0.07762472249942425
0.1742212426386923,0.07278633235323365,0.08192660618754932,0.06940048263049445,0.10547001011911673,0.10374052802621375,0.10676773863153305,0.06805624568425736,0.12334400759904306,0.09428680612986637
0.2305461409169772,0.06399030393793202,0.06673383490692832,0.05877210614031099,0.10357125566556359,0.1134090407897378,0.11529947758413664,0.05617980200938584,0.11861748796155103,0.0728805500874765
0.2496872690644069,0.06509531159410577,0.06973092495128176,0.05809012488487194,0.10298442746340827,0.10287582771038037,0.101080275612954,0.05976203645098736,0.11449028943595706,0.07620351283164659
0.1677944711649637,0.07450509478065143,0.0902037785669403,0.0700578258441234,0.11647409610735963,0.11134384989821969,0.10360269490857335,0.07333270138263642,0.11411172071631397,0.07857376663021812
0.12112419189480388,0.07843809848369003,0.08822568986517426,0.07411999247382899,0.10989547229216787,0.10248711088290888,0.11319144163537144,0.07744946646020054,0.13371127502796962,0.1013572609838845
0.20028746343449036,0.07597539878701694,0.07789979894753503,0.06861622824758132,0.10231471644756845,0.10742418454671299,0.10099618338215258,0.06430561176168675,0.11925250980607639,0.08292790463917916
0.18508970843206274,0.08334439293518793,0.07561592404573018,0.0707937135658702,0.1137922945024223,0.09592935999164992,0.10509748365367073,0.06874239170487964,0.1161716436425699,0.08542308752595643
0.20255427043181287,0.06636754087211692,0.07325384758680556,0.06045209945821307,0.10495352086117045,0.11000997095569393,0.11452365994844224,0.06395712527840645,0.12481371495375819,0.07911424965358037
0.25138771107492236,0.06840649368003276,0.07217981403417248,0.06458474812807337,0.09424120888159909,0.10098905224678985,0.1001762134817626,0.06525377721310943,0.10750933236103964,0.07527164889849847
0.21197770540809238,0.07088799940039146,0.0755850611709707,0.06553758048784426,0.09953425196989298,0.09917614890744209,0.10430392169704768,0.0682569770365611,0.11942313708122289,0.08531721684053448
0.190249088360575,0.07275764105088121,0.0784022573995668,0.06581413058435015,0.10290168589483155,0.11000084753446704,0.10910130511304635,0.06326392830028782,0.12536927602489015,0.08213983973710395
0.16542712253642694,0.0752248182631149,0.07970183071773344,0.06551804917889824,0.10844473896770507,0.10773173789437823,0.11280899388824941,0.06660198284445432,0.1281681440542682,0.09037258165477133
0.20863560718061444,0.06926746569051238,0.07455307504476992,0.06432286287460962,0.10466301663215159,0.10275491487691527,0.10553625555988587,0.06556118427909435,0.12374561142485978,0.08096000643658681
0.18500944220377052,0.08016793015496892,0.08195105638348031,0.07022879005596228,0.10580921893827915,0.10143837875439236,0.10352402957760873,0.07165540616722603,0.11380534811188214,0.08641039965242962
0.1880942709553806,0.06984429525377525,0.07680914203347378,0.06653589909140707,0.10699797224077626,0.09943129182016322,0.11034418569453941,0.06952563541697489,0.12441253649365644,0.0880047709998531
0.1961242999477205,0.07162926169504288,0.08072890763464843,0.06673859167437572,0.09918302341489507,0.10185855545463467,0.10627154215247339,0.06730154249528539,0.1227463802122822,0.08741789531864175
0.16758166414005612,0.07326360301436921,0.07458594067594683,0.0677464798960016,0.11247245544370768,0.11516303363727369,0.11378388555450057,0.06327382661756095,0.12430185731463518,0.08782725370594811
0.21920679739340243,0.06998627135178279,0.07080209831206284,0.06115337513419004,0.10784007202915807,0.1086459932504382,0.10438873192254759,0.06287067451894587,0.11833157106288458,0.07677441502458761
0.15931285280104687,0.07938710853102968,0.08086966570988476,0.07431833277232701,0.11996700046843897,0.10793223932201576,0.10634691713316777,0.07028042209471418,0.11820211878054031,0.08338334238683472
0.20140002631379122,0.06811179802175854,0.07077081069204981,0.05880929446860023,0.1020631480278681,0.10929229798681743,0.11371196789086514,0.060359198933658764,0.13533164642325965,0.08014981124133112
0.2284501494662185,0.06788564287348274,0.06961200683081468,0.06357941443066134,0.10429817897431264,0.09712320260440364,0.1060477654651673,0.06672956946891456,0.1150141146404179,0.08125995524560665
0.17938137522023892,0.07597420728447223,0.07848081550913319,0.0681965840785448,0.11513113483656996,0.11019686882820343,0.10696853449125973,0.06363882772586422,0.12006338062754547,0.08196827139816806
0.24199055841524622,0.06745747910642211,0.07260196631052729,0.06251035192753714,0.10068623732719538,0.09589432864929223,0.09852654174447567,0.0647080764887125,0.11780311683631722,0.07782134319427421
0.1989146178675385,0.07253172303357336,0.07504286962262864,0.06377380819162516,0.10038738712671495,0.10960627916891096,0.10943547078114572,0.06474485378836779,0.12138680764400119,0.08417618277549373
0.17840146715622934,0.07244007933306472,0.07084193820244747,0.06484134025543653,0.11350888839790889,0.11700424820832528,0.11927454332239668,0.06513617392531955,0.12018821549755046,0.0783631057013211
0.21828411203127493,0.07113754598382571,0.07537605050710157,0.06957552203112499,0.09650047719699932,0.10387386593424136,0.10665895156170008,0.06558878968977848,0.11291002342045754,0.08009466164349598
0.21481788763757603,0.07081806433214098,0.06846464478304166,0.06459766550413126,0.10925697920563414,0.11280017782630228,0.10749066037723512,0.06380177939709818,0.11167059537419306,0.07628154556264725
0.12020900416419676,0.0805047490268777,0.08663511622398509,0.07745928381944317,0.10908692765693719,0.12559466651901363,0.12563154186200945,0.07605876412066477,0.11784723821686571,0.08097270839000653
0.17088191303492978,0.06861507751135021,0.07922161740880122,0.06252574936976972,0.1095020951881549,0.11011540176399709,0.10836570712188195,0.0645672981237456,0.13730285164667785,0.08890228883069166
0.17376292785002698,0.07529062345840411,0.0725634095014388,0.0658567584645596,0.11194727805141279,0.10700560381042008,0.11407722215300822,0.06659696361312956,0.12542444045932633,0.08747477263827355
0.21894109446262,0.06722761141687748,0.07222659860437676,0.0621337796781408,0.10090253005946062,0.09585739402144962,0.10576190032223629,0.06373431784361716,0.12871184249173276,0.08450293109948852
0.22811045796672685,0.07041806327955202,0.07648606795541164,0.06425095851455466,0.10496395920739846,0.09579549687372975,0.10120596104198629,0.06981246895635145,0.11002564268503576,0.07893092351925311
0.18568861877790907,0.07396865303941182,0.07407122149994654,0.06924365134232038,0.10218667125043188,0.10904813980605653,0.10812184201088779,0.07382550580527374,0.11677374034901185,0.08707195611875042
0.1631773090779059,0.07490919545421149,0.07329161840224688,0.0732783827689108,0.10981406616954648,0.11138905598741752,0.11462999695551293,0.07640170062101709,0.11659492504782869,0.08651374951540225
0.2148768063540429,0.06656615324612926,0.07122731429969437,0.06038028735425555,0.10589060345960834,0.10360139080991781,0.10917097212017199,0.06026041027819963,0.12486689437942991,0.08315916769855017
0.17279267320838035,0.08501536035865125,0.0764612384538614,0.06942388635527502,0.11450537098426632,0.09892832872396005,0.10710155570942502,0.07008129988115225,0.12005743654867507,0.08563284977635335
0.22998107820611413,0.06922625993581583,0.07022693169733359,0.06156901894456066,0.10409809525818953,0.09913014586754702,0.1019716032789269,0.06613697131808154,0.11623873057596698,0.08142116491746386
0.20596668639449253,0.06858767294075772,0.07283410371921212,0.06133772103200572,0.10498552306876067,0.11063373380750725,0.10875428914091573,0.0586790861063584,0.12686717959996724,0.0813540041900226
0.19144765051626564,0.07031495616416832,0.07225717368498405,0.06283721416752602,0.11653434946330377,0.11515914466012761,0.11012664935774011,0.0628283237730184,0.12019844723221022,0.07829609098065585
0.18965695579431116,0.0716746475336026,0.0737422266408087,0.06520337041364065,0.10421235537042726,0.1125586816660473,0.11192536979241771,0.06186240800314348,0.12829006233476214,0.08087392245083903
0.20076252295757677,0.07034870695506906,0.07509607493458662,0.06686616399205077,0.10256962881525121,0.10322260632747672,0.10727971039101468,0.06928741766249646,0.12038301782000994,0.08418415014446781
0.14710213439054481,0.08006701384941142,0.08452975402087956,0.08023580699003248,0.11270226033714938,0.11058205026483034,0.11658358670811024,0.07802006005629417,0.10728364750605794,0.08289368587668966
0.15918673910134348,0.07379821920691727,0.07593750878472431,0.0668948924236529,0.10691695877527517,0.11383230399456433,0.1181158237295854,0.06921598863798474,0.12802730505651652,0.08807426028943588
0.19826634802931953,0.0730897148583598,0.07674137122208459,0.07033861414749605,0.09594769618386444,0.09600547023837176,0.10489191986378475,0.07584872105672845,0.12046506808750485,0.0884050763124858
0.16853374160789356,0.0808232803121918,0.08912825194293926,0.07226367303112993,0.10746350350575005,0.09467207855313864,0.10285351750575333,0.07153428292277264,0.12219770771040932,0.09052996290802144
0.21462298092526882,0.07009869952840564,0.07472374719388046,0.06403521340216735,0.09842157461026943,0.09854863948223336,0.10586412455601432,0.06719126480054001,0.12252115331210868,0.08397260218911194
0.18989554166397918,0.07430896781296277,0.0718264175254595,0.06265123721881867,0.10941729205388678,0.10855491475348333,0.11206230965685253,0.06610328139681701,0.12293428817496863,0.08224574974277161
0.19546895460331262,0.0696320100968568,0.07255781624430034,0.06193573965531332,0.11264676644256535,0.10474831114439824,0.1107794781081452,0.06135605616544616,0.1296819139696499,0.0811929535700121
0.18214865161071592,0.07281428581656026,0.07815132161400062,0.07036599922205646,0.10008042060989714,0.10680394708224049,0.11242454766210909,0.06975949928319958,0.12311647815601925,0.08433484894320122
0.1812124722462852,0.07858993604466633,0.07933394986995865,0.07367345793555788,0.1078018046979412,0.10257742169729175,0.10856145014498635,0.07404041043874852,0.11321621225638706,0.08099288466817711
0.19903900156286655,0.07352383508614155,0.07689246807288243,0.0646749231138074,0.10579179662486636,0.11213111282812495,0.10678431626184284,0.06683812597304357,0.11475942635400792,0.07956499412241642
0.1900830943131487,0.0674755076428672,0.07039588973563975,0.06521078565114255,0.1128207542897052,0.12003377033986774,0.11783416083894865,0.06477150521415814,0.11492404415229601,0.07645048782222606
0.21702870931066098,0.0653609374938966,0.06673561017856092,0.06209555562864676,0.10234882066734391,0.11116884588994287,0.1215984200719052,0.06200780645567108,0.11329484743112025,0.07836044687225142
0.1711667232300747,0.08168992150385454,0.0793105597943351,0.07262975420042106,0.11272164908414975,0.10929847770312016,0.10657578145644311,0.07325778266573672,0.11323868558543013,0.08011066477643466
0.18457675876466223,0.07190821616966095,0.07404698808830815,0.06034386991731651,0.12078871828075008,0.11419707871518128,0.10751238157419858,0.06053117616469536,0.12385841938035308,0.0822363929448738
0.25674818286406775,0.06670944899801956,0.06973820093742855,0.05975460091378906,0.09803151233138856,0.09434331160515026,0.10070568019200273,0.061119327011283725,0.11680633173618313,0.07604340341068667
0.2568745180472803,0.06265200652624292,0.06944435705322702,0.058685724952060335,0.09493025255461345,0.09811300833994749,0.10433056599697063,0.06003747308548361,0.11501061481512763,0.07992147862904671
0.2564744228724145,0.06552510056527178,0.06485278503790495,0.05883607782943607,0.10009372580095424,0.09829738085695996,0.10675542167049974,0.06012501233225508,0.11394010127559473,0.0750999717587089
0.14730851215048543,0.08127962344666598,0.08657630547170382,0.07038193890692425,0.120513512647263,0.1105983298352718,0.1069974578100715,0.06831660859599133,0.11866858461920768,0.08935912651641514
0.18268469803822554,0.07424752181802294,0.07252581438413239,0.0651608930428595,0.12004739385767002,0.10988656545382762,0.1128185909670875,0.06213209258665586,0.11920208423563117,0.08129434561588747
0.2318892673342858,0.06883902590077666,0.07169741334962877,0.05896056040637466,0.10236727962940335,0.09939747233091448,0.10106877686100522,0.0605121310593919,0.12805918296930577,0.07720889015891336
0.21234794118376252,0.07005368865054064,0.07379108539967941,0.06403390835160624,0.10690281135328941,0.09881832495014416,0.10248088542398948,0.06679067668733793,0.1186205455003608,0.08616013249928937
0.14808216339706415,0.07679452327584359,0.08098197499599817,0.06688009485833613,0.11515216552804981,0.11406388902679078,0.11634028413999715,0.06475805694719822,0.12931948210830843,0.08762736572241361
0.19467753440588556,0.06786842639366497,0.07194598199066193,0.05944591688685508,0.10555424196092268,0.1190940912366572,0.11617293373545887,0.06239904613685127,0.12332604979149057,0.07951577746155182
0.23129810900660178,0.06233052135300691,0.06461971940721961,0.05846379047608685,0.10270050662623334,0.11443340979423502,0.11418945953378412,0.05687929043729154,0.12099038952762414,0.07409480383791671
0.20539538065782464,0.07195892780353672,0.0756580543365571,0.0672424592425314,0.10597215858311981,0.10098926790296352,0.10487348730349995,0.066879438274884,0.11900349703224185,0.08202732886284095
0.2485234002291067,0.06915937565752488,0.06927965784869458,0.06121003114087702,0.09816070419375496,0.0940541758440131,0.09950176798285197,0.06429001314773473,0.1167278711044854,0.07909300285095662
0.23247185783670166,0.06571610893386735,0.06824199318214029,0.05985089438647099,0.10424871115231908,0.0973881285678243,0.10756323640908863,0.06427046549239486,0.12137593087489634,0.07887267316429651
0.2007831747364692,0.07084752861754845,0.07205127535062786,0.06440422969005814,0.1063458240988629,0.11510692034186068,0.11212165373196495,0.06386200737931619,0.11534373002739523,0.07913365602589646
0.0830119167100466,0.10449967442991183,0.11895855515098547,0.10517702799981019,0.0964115049603971,0.10398113715982851,0.10244002989249011,0.10250393186887495,0.09397817673497103,0.08903804509268425
