0,1,2,3,4,5,6,7,8,9
0.15761507106897257,0.05945315616814057,0.06769104345710328,0.1555688319381078,0.07629949419558923,0.19376964306643024,0.07558656949938447,0.06336071859852777,0.08185112426870571,0.06880434773903837
0.16714580460786818,0.05958083713065018,0.0632606054635683,0.14176015649921692,0.07607630819649203,0.21607638252444825,0.07425559843037088,0.06517441691817359,0.06877186817974983,0.06789802204946181
0.15317187300467178,0.06120443685714523,0.06657239141829699,0.1530868820537976,0.07911030989585516,0.19794491495640196,0.07448121209398473,0.0631986595813239,0.08083753100890459,0.070391789129618
0.17690254555693885,0.058383322800699286,0.06449885879707441,0.15531879056119743,0.07657644981810487,0.19448668394683882,0.07422078395087961,0.06067123049501663,0.07332433390557484,0.06561700016767519
0.17375451186346796,0.05517562236720333,0.05990650469078913,0.15241740915304658,0.0684931776769589,0.21984106275792528,0.06898655790854132,0.05826621609772543,0.07819731321223501,0.06496162427210701
0.14975302308586597,0.08636799293454751,0.08364859632113941,0.11144882861431944,0.08984865624968057,0.1437114057737471,0.08761905930672548,0.07796890858676092,0.08735190314891668,0.08228162597829693
0.16250621518837977,0.058643479453158426,0.06527199360898417,0.1412769178076329,0.07499099945984754,0.21456570998467436,0.07495752750838709,0.0633462190868865,0.07685280766896138,0.06758813023308796
0.15845828081375876,0.05751939865641666,0.0674020506413959,0.15347721197774966,0.073291965995126,0.21252622826725606,0.07209685421096389,0.06287785336229,0.07805970014091701,0.0642904559341261
0.1518100699514941,0.06499708073835303,0.07395835738998773,0.1335783303091072,0.08016939178030252,0.18606509390287132,0.08127796434965212,0.0714946489609413,0.08276544885956745,0.07388361375772322
0.17015101141169214,0.04927083245826163,0.05918678312406198,0.15714807484203802,0.06625284302683623,0.24285714984322435,0.06680189291615422,0.05733853273058904,0.07105450322804881,0.05993837641909353
0.17560250903707908,0.05640910844534157,0.061143914430566354,0.14426506201552616,0.06815929146333424,0.2349181158915664,0.06679624294363966,0.05837656758064491,0.07214196359923333,0.06218722459306833
0.19576960795706289,0.05106937715381314,0.05847126879211203,0.15061042151169643,0.06846771650143584,0.2267653726679713,0.06670948475565677,0.05328925381376649,0.07141544228009683,0.05743205456638833
0.1767120881187275,0.06260422150457803,0.07369972453778342,0.12683992711337552,0.07757684884054294,0.1937211270252425,0.07905698094827597,0.06979726529225358,0.07240865390826126,0.0675831627109593
0.20054103180134172,0.045776384671246666,0.05485409522187505,0.16104894755934884,0.06116536034469338,0.2350997842103595,0.061920104999748954,0.049740728054908215,0.07697025527490234,0.052883307861575295
0.17894357425399932,0.05334068002812518,0.06147278528280945,0.14408444455960315,0.0683055322244188,0.23323900292269217,0.06828652651329807,0.0572173568210422,0.07464152569899969,0.06046857169501198
0.18464236984692747,0.05201443509653449,0.05808399525202258,0.14508691791431252,0.06814234254763663,0.24263007671657028,0.06610521263580957,0.053813022615102186,0.07188986483435894,0.05759176254072535
0.17770184716521115,0.054128754321066744,0.06470192713183827,0.14387189328826025,0.0722042393642945,0.22543662526565877,0.06954365030585716,0.05968544008563377,0.07283366410652949,0.05989195896564988
0.14219101261711567,0.06566747702937491,0.07102745959747868,0.14424401177616025,0.08205567015447786,0.1809187924724038,0.0829915290518484,0.06973313862033458,0.0848413935737018,0.07632951510710405
0.16554292190720576,0.05330997112452795,0.06072108605866827,0.17011875633683674,0.06910361436362619,0.2096496549481934,0.06931893421608626,0.0568125638226746,0.08239494497078151,0.06302755225139936
0.1755672756268884,0.0575111094715307,0.06718685512412963,0.13689189920429065,0.0735704631636055,0.21249837471391664,0.07220151655388203,0.06419564471803132,0.07771144145223895,0.06266541997148618
0.16838229406433522,0.05196907870559949,0.05939700634559778,0.1548011883668885,0.06648802362187273,0.2441977636903175,0.06602637876367583,0.05713744591861722,0.0716927759911796,0.059908044531916116
0.15768581573440685,0.062402409488573445,0.0677981577034965,0.14081808476220803,0.07654737274117111,0.20791727024231427,0.07464910467923554,0.0639699460052029,0.08169335184652649,0.0665184867968649
0.17137263619777632,0.05592813999333791,0.0658558863571967,0.13501217994984524,0.07300507415721372,0.23273268951670645,0.07124741135658266,0.060825372793271236,0.07107273717718093,0.06294787250088878
0.17146457468348317,0.05501188522922011,0.06574390589827821,0.15293149484249327,0.07151522060209298,0.21217764468541805,0.0699145128072251,0.06077980112204977,0.07770702796075503,0.06275393216898435
0.17578367146428867,0.056328332162589013,0.06574930535607139,0.12955072135674725,0.07346417442244126,0.22638076862642031,0.07453036869428722,0.06374086235635915,0.06915040976745597,0.06532138579333979
0.17183951407880413,0.05117349414125822,0.06025285246853484,0.157004358156749,0.0682826378330721,0.2260321802146312,0.06868622343048762,0.056537215456972885,0.07854440477678087,0.061647119442709127
0.15670617697814757,0.06040889900363147,0.06911180760522723,0.1499179584049336,0.07721764677520666,0.19861076984303408,0.07614471131534079,0.0645241792161356,0.07938433876825854,0.06797351209008452
0.15347834209824526,0.05465757299706665,0.06189824895663151,0.16275052336463117,0.07335223565573788,0.21888894089035832,0.07248187068119402,0.0598241630657991,0.07672855359646087,0.06593954869387522
0.17129634306993924,0.05457114193515353,0.06210401844682022,0.13917020276375328,0.07053579492195655,0.23237629122155756,0.07091918791566637,0.059703840781369706,0.0755049227880825,0.06381825615570107
0.1588138862744706,0.06358155456189638,0.07004178102108205,0.1399028979302325,0.0818567168441887,0.19509493310628262,0.07771960547001477,0.06542331055781091,0.07818170404986266,0.06938361018415884
0.181860842697811,0.05364017598367807,0.05825421940785874,0.14906481453130863,0.06780028537771357,0.23269863257250517,0.06703951511966381,0.05718622109067834,0.07224800982151572,0.06020728339726702
0.17783657537445255,0.048964496511302996,0.05821725358594864,0.1613124953191562,0.0650799523491608,0.2378663167039848,0.06547726243503288,0.05305556172227438,0.07432451617402144,0.05786556982466523
0.18835265184844693,0.053614888065064044,0.06326146215256097,0.14105654441271095,0.06892399751857813,0.22557253588814558,0.070802681559011,0.05989824978714206,0.06810725369145178,0.060409735076888536
0.12341108939469873,0.0778603288823069,0.07490781522027107,0.13372705847821645,0.10625557327762018,0.11767978902686806,0.10190882295141976,0.06575037744626082,0.11154315527270077,0.08695599004963728
0.1449813702568165,0.07911142440126007,0.08059847136480365,0.1244473181644194,0.08456354764022041,0.14827948681486847,0.08727832998465548,0.07608555058635608,0.08983610323880506,0.08481839754779488
0.1903039550190269,0.04954438813490033,0.05629595175571135,0.1413770106857101,0.06478524296451121,0.24676614647020245,0.06611583878991202,0.053413803131078116,0.07570799512616429,0.055689667922783244
0.17914842599750264,0.0543543099393768,0.061305152920815634,0.15345522233832212,0.07350614800066058,0.21552082238992354,0.07244636299282521,0.05702400054672222,0.07031978528934463,0.06291976958450672
0.16999841643333086,0.0536184558812521,0.061140878578937456,0.1412023733675312,0.06914466588501073,0.2433755206653428,0.06971320546196683,0.05934745835425481,0.06960177212847535,0.06285725324389795
0.1911070132731411,0.051531398113060116,0.05832473601612314,0.14129316164474762,0.06567593482993163,0.24492766285200548,0.06516757643326877,0.05578495764308779,0.06668052790272501,0.05950703129190926
0.20778163639618064,0.05177644199486828,0.059694884475417424,0.14178565250260458,0.06373372597150494,0.22434459062834303,0.06499770238453392,0.05494021270238628,0.07439477251162963,0.05655038043253134
0.17401171508246313,0.05185118359429318,0.061351646072037275,0.1542918174600271,0.06671309885431097,0.22898650624633726,0.06681786295078734,0.057223407139009995,0.07770750117339811,0.06104526142733562
0.1843903880962015,0.052831127845275286,0.060628357627729924,0.1631912206640828,0.06950038026956767,0.20709685021450128,0.06823921285665589,0.0571307395696142,0.07857146187906171,0.05842026097730975
0.1687627581300502,0.05705405731832929,0.06339773592284063,0.15375557003148757,0.07111055486890505,0.21306177535153636,0.06901748946748458,0.06088961978416815,0.08096683907404738,0.06198360005115079
0.16974411482013232,0.05152253210469528,0.06211137281782288,0.16498779042815417,0.06946885682513018,0.21667130853766448,0.06856497334374523,0.05514523679114291,0.07979569054926294,0.061988123782249646
0.1695850017757466,0.05295239207811691,0.062297701695133,0.17086931063530872,0.07310258703532545,0.18290334476746456,0.07291507721263785,0.053969907291342996,0.09836669627246912,0.06303798123645482
0.16059490574120064,0.059686794775814525,0.06493862215293783,0.13952651007634428,0.07651095070844988,0.21448319868519364,0.07483880168368671,0.06282006534936262,0.07756746583701012,0.06903268498999977
0.17809118636524743,0.05321032070016869,0.06436750438340803,0.15487091811212092,0.07171747252010095,0.19580506004264436,0.07131302580562307,0.05769111321896621,0.08953071085904288,0.06340268799267744
0.1868664435491954,0.05004335880209766,0.05705404484672467,0.1409046828325926,0.06779567596632206,0.24784841323319945,0.06858868475398454,0.054811661538164566,0.06771283137632081,0.05837420310139824
0.15499926242966028,0.053460527981912094,0.06452540927994234,0.16979144239822305,0.07251055765849478,0.20245924370827242,0.07138231644025936,0.057262406166293536,0.08816622406256405,0.06544260987437807
0.1466157801629747,0.06235239100570144,0.06635503184903584,0.152097531318773,0.0794430227371217,0.18403301557627488,0.077818567836375,0.060760878911855214,0.10047815424477864,0.07004562635710962
0.12212898385343077,0.07626690744253938,0.0800974286784898,0.14444282602473935,0.09355210124932048,0.12811209328136886,0.08960679387823131,0.07852692260138797,0.1008212207569695,0.08644472223352256
0.15666530385569483,0.06227892885951417,0.06505609976541352,0.1420720660123637,0.07977995055468923,0.20554747205697915,0.07747294368214491,0.06508821993237553,0.07595719960381257,0.07008181567701235
0.1474050664506034,0.061976560137738265,0.06887734099075166,0.15485348175150979,0.08115342433914648,0.18742260669634345,0.07940644816256996,0.0610667251686338,0.08617976205483263,0.0716585842478706
0.15074356223550517,0.06337798139354342,0.07426774570357325,0.14663354008389462,0.08237760842416787,0.19094648493436103,0.07509218845106748,0.06855501409733424,0.0816239616655446,0.06638191301100838
0.18639209817516583,0.05042234113257141,0.055320652134845424,0.164299176978649,0.06665201647538369,0.22676876950859318,0.06637698904586734,0.050894583623748005,0.07452563798439098,0.058347734940785156
0.17611088453017176,0.050037923362429855,0.05934647806585036,0.1721350868946161,0.06782492804996425,0.20056376500564693,0.06829819136061474,0.05296300519807302,0.09075135983007844,0.06196837770255452
0.20151564939405475,0.04689060409485989,0.05128481339940183,0.1585407207196043,0.06321228313202552,0.24242992032538202,0.06446679175141552,0.05031746172917876,0.06654290654644333,0.054798848907634076
0.18459378561147877,0.05129582134758046,0.060675720032157966,0.15678934635506936,0.06927072210177868,0.20731687598728316,0.06967116803465452,0.05604095304519771,0.08157557490947469,0.06277003257532475
0.1674801699487527,0.05555233768482555,0.06389248375487311,0.14662315675666154,0.07319605428535572,0.22021427874559182,0.07255759077508246,0.06132784101731344,0.07375574401494085,0.06540034301660277
0.1435111600662589,0.05843421116241214,0.0679403848958017,0.16642210488451367,0.07896569207791143,0.13936793776339929,0.08399451705643254,0.0575323866513439,0.1292163608908093,0.0746152445511171
0.19158232683933818,0.0625733882719879,0.06316074802097782,0.12893962840369022,0.07068848123936664,0.2008903322954459,0.07293901681801795,0.06070054495715893,0.07973980109272967,0.0687857320612868
0.1434666500722127,0.0632330816503274,0.06953679865855251,0.1650995342790324,0.08370223881168527,0.14443692003690736,0.0823899850121908,0.06480408041433634,0.10514467898022162,0.07818603208453356
0.1674003539917532,0.050192604438465634,0.06002004818721822,0.15629341743416694,0.06725921858670042,0.24655214127521974,0.06565927119012363,0.05638725509076397,0.07209354760397779,0.058142142201610444
0.15927957683698213,0.05864555072104439,0.06250177562608335,0.15049118326005345,0.07553093916101399,0.21644817021114687,0.07537843267840261,0.06036331413384614,0.07372859155822255,0.06763246581320458
0.15287957869281804,0.07611555616957096,0.0822433029365476,0.11925065961281359,0.08197283585287714,0.1586363310543125,0.0851740383171039,0.08349739196305968,0.08048463012243413,0.0797456752784625
0.17193970202943504,0.056609523415053695,0.06511616039101267,0.14219899524254712,0.07516748314920367,0.21811865256850568,0.07263558320759127,0.06098131830621078,0.0734526681657696,0.06377991352467047
0.18765876332856116,0.04877307804670469,0.05630285865960486,0.18602721871130032,0.06868423389524933,0.1581943104443214,0.07504495228924282,0.049310297671122216,0.10858733230994123,0.061416954643951964
0.1653373132850265,0.05755421482635917,0.06654764144861938,0.15011319693381922,0.07602154353358508,0.19714644101118584,0.07506000776665538,0.06111905676775108,0.08419824467652047,0.06690233975047793
0.1608253840043197,0.05465236017301758,0.06456692757769862,0.16939280108834553,0.07301871930854448,0.1901356510386805,0.07303650240475751,0.05723904024427567,0.0911158299365123,0.06601678422384814
0.15298142318861505,0.06348662078175883,0.07017693371947635,0.1368268114458497,0.08041834632907038,0.19741197396015414,0.08065150365832653,0.068539725404648,0.07542723111825249,0.07407943039384846
0.1610064144965647,0.0610793080873521,0.06405409686311811,0.1455389870267888,0.07664522281766745,0.20933984263264543,0.07390749305714768,0.06396798519188074,0.07584485307313507,0.06861579675369991
0.16842086283351432,0.054989303836140035,0.06192945116561661,0.16343341759547378,0.07069338479567988,0.21262752259462506,0.07018249092143201,0.05828911515602642,0.07667549482822221,0.0627589562732697
0.17854646854459047,0.053850827262465185,0.06271678649030737,0.16317374117649702,0.07442505589760208,0.16864551312177975,0.07595621184742779,0.055199034078608024,0.10135546832510879,0.06613089325561353
0.19105468945350304,0.050442434823208517,0.058197897536216237,0.15490900513069675,0.06849201289783133,0.217833415490822,0.06974494447915379,0.05201537871067895,0.07948400081362066,0.05782622066426873
0.18128811655141805,0.05090009833079681,0.059683287160815376,0.15361326097765626,0.06791902030378351,0.21677927203405115,0.06886552335799571,0.05477057564993601,0.08229571371681324,0.0638851319167339
0.196005037373924,0.06208259641621314,0.061809511064271065,0.11977813394734785,0.07396876604520927,0.2042374544089073,0.07777562827152902,0.057792600018178576,0.07167045722369625,0.07487981523072351
0.1959384857909758,0.04651523575017717,0.054900478545596314,0.15946175968845372,0.06252963603782224,0.23858900855726778,0.06341614737324855,0.049767901847655054,0.07567519901858843,0.05320614739021488
0.16362459311402786,0.0616923116605298,0.06559521117060052,0.15184968743579216,0.07390813916873527,0.20128526978686065,0.07262989182227066,0.06194332528032617,0.08172560711281748,0.06574596344803944
0.16739135453182247,0.053252102523522485,0.05895142269594333,0.16123979958850282,0.06889376845143705,0.22051602466558062,0.06913092376939789,0.056726029213883096,0.08071271058392872,0.06318586397598155
0.16203016957841582,0.05359912548916012,0.06323720572748841,0.17826210930149286,0.07374941171514468,0.1706284573479917,0.07394648360054815,0.05509023914064558,0.10414528829100178,0.0653115098081109
0.1622383126281383,0.053063268768205975,0.061151561302411464,0.16403385264745826,0.07142008615607061,0.21796952988368806,0.07058477882774492,0.05775202719670704,0.07636798970334648,0.06541859288622896
0.1735225975143474,0.05210788806758712,0.06357536493680628,0.14191740845467757,0.068363436575799,0.24875054350592996,0.06641260370934907,0.058882521335989826,0.06724795670344322,0.059219679196070595
0.19126939069940102,0.05829889029081637,0.06856373569432075,0.1387025409897579,0.07145615078106045,0.1993263288713789,0.07281057415108813,0.06627390430377599,0.07321433923545309,0.06008414498294739
0.18788131999248003,0.048040464618855236,0.05484933370317194,0.14655115268923857,0.06457590203284544,0.25221048696612974,0.06630909932627084,0.052830970405491263,0.07024676604687421,0.056504504218642754
0.1594447696361332,0.053340733347056364,0.0654668137251717,0.17009619365327017,0.07536432641957298,0.16206126013438005,0.07767154655750261,0.05636990945068528,0.11051600042514619,0.06966844665108146
0.1687283812693216,0.05562697144324394,0.06061218314422389,0.16096193826236013,0.0716793622602201,0.21091434801073877,0.07136042292935604,0.05909703922261523,0.0750628693682974,0.06595648408962292
0.1695114210941018,0.05738362821711729,0.06624714987822336,0.13476597039154314,0.07229175918627874,0.2247692805042753,0.07152061275114935,0.06131937726393957,0.07825574547867005,0.0639350552347013
0.18088273712374933,0.0488485436347184,0.05684319562378933,0.16145151690834392,0.06396605001031765,0.2413270269330567,0.06312079253037217,0.05149523879442037,0.07701078506561328,0.05505411337561883
0.1610822469080393,0.06094447423649434,0.07310073620718853,0.14700852138592224,0.08341250640240135,0.17129666916902409,0.07898126819752913,0.05961755402987033,0.09811345638402266,0.06644256707950799
0.18089987198214907,0.05577398144750865,0.06271010289318407,0.14511606458004983,0.07136750805719248,0.21553537665774453,0.07185681145470905,0.060859694241795284,0.07238662239259136,0.06349396629307573
0.1658185813381683,0.05177136605355666,0.06156204391903316,0.16961289795151321,0.07267998066968036,0.2013294964942282,0.07316669117707923,0.054497067562098586,0.08607290166305209,0.06348897317159018
0.18769083699477346,0.049214677566185805,0.055790256486015224,0.1535536377770234,0.06695606550694037,0.23867091056486858,0.06665136481725255,0.05091620202900334,0.07438399115078502,0.05617205710715229
0.14598408773581528,0.06136739844631165,0.06826504073028224,0.1652365824181718,0.08318418474180496,0.15545552193225565,0.08240448852787909,0.060100577816624944,0.1034826474998952,0.07451947015095914
0.17851796995548264,0.053998300867489496,0.06320826286398883,0.1390703676184026,0.06955602871526549,0.23210722339484732,0.06983415278744343,0.059229908079824915,0.07395277239911954,0.060525013318135736
0.16296075318210618,0.0610965984221836,0.06588374329556682,0.13981181392718917,0.07837550406691118,0.1933985636259072,0.08027992838642202,0.06517389652898456,0.08142813017797293,0.07159106838675633
0.17064698104162376,0.055819541302385485,0.06414977270029244,0.14074978233969215,0.07193461910870763,0.2275739284179783,0.07180186682774167,0.06231119314436424,0.07022250096022693,0.06478981415698738
0.15446263864917914,0.06208929192771508,0.06394439779638371,0.16578198664139926,0.08034801888009382,0.1824464691781759,0.07693123437247454,0.06193004026128421,0.08379636577486471,0.06826955651842967
0.17695923295174365,0.05123326434431671,0.05729810898569783,0.1373291428910165,0.06345075227539218,0.25874979948540694,0.0651499369743173,0.05360035845341805,0.07677689821547633,0.05945250542321453
0.18854727554744982,0.05465728807892521,0.05938003432266356,0.14622261854695784,0.0668687455480645,0.22154911481322695,0.06603028171297383,0.05680912259469658,0.07907743828786006,0.06085808054718167
0.16304882975042648,0.06504808300818096,0.07407822722211559,0.1352329066936452,0.07790118188794495,0.1939964753028318,0.0770133313574032,0.07366610846911363,0.07356953862589331,0.06644531768244484
0.17083361913699482,0.05279406928983499,0.06171068059855487,0.14094558384788458,0.07155389724331811,0.24354339279376144,0.07083223104437,0.05577092926924139,0.06931767132970877,0.06269792544633104
0.13709024446426105,0.06515034299703887,0.06714301892071534,0.12652824707845925,0.08082147204240897,0.12656502993743113,0.08842711686750902,0.058049040556356984,0.16301998103057214,0.08720550610524722
0.20885824298280203,0.05557902264882135,0.05994153348832427,0.13156113946294135,0.06816291566928465,0.21884935363239214,0.06835202495917388,0.05753998856838374,0.07038126336531773,0.0607745152225589
0.177838320714505,0.0504060649322258,0.059447214782268894,0.15201475228318684,0.06693062986722761,0.23214490106724694,0.06915561588238794,0.056418960825791155,0.07418393634733374,0.0614596032978261
0.15765475407225568,0.05853419412690276,0.06703832986498097,0.15168510067674432,0.07505209451844556,0.20411205542293825,0.07451998828018538,0.06340301002587038,0.07938156283848205,0.0686189101731947
0.1716982587558343,0.05603150767104383,0.06428532104343679,0.14905096993285355,0.07469604989513409,0.21172930525903175,0.07287580304837518,0.05989553241457852,0.07412328089547236,0.0656139710842396
0.09476207860810862,0.1016682257172759,0.0924649595347174,0.10724593041212953,0.10818688797156334,0.0934163632729925,0.10091053516529062,0.08928799071270058,0.1105458537134788,0.1015111748917427
0.10742150258392674,0.10681332948124891,0.1194873672083393,0.09332668284129154,0.09555186428272683,0.0992317827969277,0.09742643263960525,0.10277479442217967,0.08900982813163437,0.08895641561211971
0.1671630274174348,0.05230730632572818,0.06393788252256058,0.17146610952461855,0.07294717922227864,0.16230873730313314,0.07428594738124425,0.05386247886029023,0.11997635052076655,0.06174498092194514
0.15812686860402295,0.05206202654618761,0.06552187254387164,0.17313699526801238,0.07308636780312912,0.17158439920290783,0.07280114754473548,0.05665999280166523,0.11470094533000487,0.062319384355462866
0.16588200126114352,0.053809188821323475,0.06446956696540783,0.15843670960805023,0.07193567469228414,0.21070645801652604,0.07310722220391688,0.05787100967286069,0.07891073436123489,0.06487143439725229
0.15900622526819136,0.060941289937586594,0.06837779231411822,0.14020586731912899,0.07740582529996873,0.20692132683501335,0.07651789197794738,0.06516992036840998,0.07611856941376002,0.06933529126587534
0.16704266461853431,0.05182407745142083,0.05972389213570656,0.17488472128692806,0.07138245281140171,0.2075555858419936,0.0700885182088734,0.05444147959281927,0.08057868620852454,0.062477921843797746
0.17083013447098552,0.0604834263972888,0.06640140962537619,0.132101029859143,0.07742711732521894,0.21757388456970056,0.0742386040006187,0.06520634804608992,0.07040887606992932,0.06532916963564905
0.16737986917124958,0.053344323571893185,0.05955065685876887,0.1464822300968054,0.06965925808414997,0.2375993771337593,0.06966832058567474,0.05811569511743295,0.07656620746165779,0.06163406191860827
0.18783830544279456,0.05401113043558278,0.06411629543045991,0.1586963132989195,0.07154885805777239,0.18668415260712712,0.07243503260270176,0.059615971460289865,0.08210559092996164,0.06294834973439048
0.14891810819117113,0.056806087186925466,0.0641007032518067,0.171166974801133,0.07622176077659445,0.1845985321064336,0.07416247551508869,0.06010308823687609,0.09528949927048894,0.06863277066348195
0.17529775517434965,0.05497100477678235,0.06162159792915001,0.14753475007466568,0.07033245602421515,0.22694776925134194,0.06845126738979226,0.05911279601514392,0.0736636136841892,0.062066989680369875
0.16593241878174442,0.05727271118686116,0.06264464934646102,0.16359275569376533,0.07326504958703954,0.21079160695917115,0.0699169222721001,0.05878165869941238,0.07396790146202512,0.06383432601141979
0.18185653005184313,0.053907287822798154,0.06069901073319458,0.14371598759088755,0.06694474965343924,0.2345712204937943,0.06702238624136461,0.053633425910979825,0.07822203598205046,0.0594273655196481
0.2045787759805573,0.04633994386232335,0.05352628297856234,0.13130681890317247,0.059379805495249266,0.26552971163929145,0.06335267572044244,0.05094651150472354,0.06893302606332638,0.05610644785235151
0.17951713491317156,0.05334413325040406,0.06183951275084874,0.14800526805511666,0.06883521129281026,0.23157891526847393,0.06736098713212563,0.05747781896162434,0.07432365310697123,0.057717365268453544
0.1868650837125568,0.04881617415466657,0.05677599243183322,0.14771601874634177,0.06429616131688765,0.250335926572555,0.06517497030742535,0.05369750978407566,0.06850939072769764,0.0578127722459604
0.1535309352940421,0.06379748172481053,0.07350714016885601,0.1355154661604206,0.08044581063089087,0.1922718505690682,0.0794602454794668,0.06748007134103137,0.08258538800808196,0.0714056106233315
0.18543294073607672,0.0532908545724678,0.061851446532740176,0.14323847794182765,0.06861975892122457,0.23145892358244258,0.0679511729785374,0.05819396621065918,0.0705927228371464,0.059369735686877576
0.1450198309569945,0.06653204858287048,0.07195480323653618,0.14680073457305826,0.08194376241878629,0.18280190988737582,0.079469109749276,0.06931633019539654,0.08137598972291839,0.07478548067678753
0.1557199016297513,0.06206223906582295,0.07402171814840677,0.14441892539703927,0.07949035662053983,0.18653345555237166,0.07678044856301246,0.06996144711418649,0.08146976717836646,0.06954174073050277
0.209989490835595,0.04589660252271217,0.05096910926165024,0.15983571811135397,0.0595919769367274,0.23102271889036172,0.06212649039553057,0.04878249789764031,0.07692045594594384,0.05486493920248478
0.15478224839271548,0.07662051435535637,0.07929491934245583,0.12184779617301038,0.08027068836291126,0.16176301074861169,0.082216056552637,0.08174425260789082,0.08230358747681951,0.07915692598759165
0.15702938260728003,0.06285098265402622,0.08070708060452872,0.1306621307584043,0.07751463483089174,0.17885802301403844,0.08280866351147875,0.08129842505917717,0.07811728392055552,0.07015339303961908
0.16234246482447295,0.05363150316126161,0.0599265600469506,0.17159829497800283,0.07064269184775779,0.20715921145483635,0.07068859628237405,0.054449017554818416,0.08570415172704372,0.06385750812248166
0.16054741065918499,0.061340103770087924,0.06996009548120681,0.13239031582594862,0.07788937894020162,0.2002452904350424,0.07867692238809151,0.06991733161347323,0.07569833052088455,0.07333482036587831
0.1910395413208421,0.04916583353238762,0.05775985528277916,0.14767718716561862,0.06492804108892639,0.24242187497111553,0.06608034645589293,0.05251361923904616,0.07080059164024848,0.05761310930314308
0.17691274379024097,0.048886547705676034,0.05667604260605917,0.16015043738996818,0.0644190666417081,0.241180279214178,0.06527152812500345,0.05274676939202405,0.07641399029611164,0.05734259483903043
0.15707704430302788,0.06583889257795164,0.08335507500187857,0.14258765875939614,0.07852491683863932,0.15259223174673925,0.0787019350543119,0.07057886065106465,0.10489050576934596,0.06585287929764475
0.14512268115570276,0.07694026739131153,0.07662112743417736,0.12449050710285331,0.08967587134911098,0.1632659630169945,0.08682810081897302,0.0806605946868876,0.07768808853580668,0.07870679850818225
0.15430648967676167,0.05590282968654145,0.06918731173283275,0.16418274166356484,0.07671163867639812,0.17362698530558393,0.07683610840946366,0.0624592516898077,0.09500884780976052,0.07177779534928541
0.15665164913883414,0.060758421939580955,0.06435214890127637,0.16576944911292457,0.080096622122422,0.18223960296470404,0.07837260297916092,0.05790868968761644,0.0815372356504847,0.0723135775029958
0.18634085144267865,0.05037724563457896,0.06016465598843457,0.1475507350339917,0.06463479904473737,0.2390732988394854,0.06587141538127961,0.05565677774076204,0.07342143914511486,0.05690878174893694
0.16426447853942017,0.056724103442885684,0.06708755834031584,0.15225637698313244,0.07441616226873288,0.2074094305039008,0.07391266951435439,0.060843771606703505,0.07681428999058007,0.06627115880997424
0.15615194584974992,0.0629212163504875,0.07042178307812566,0.1392967861080647,0.0793490625898596,0.19703530365513586,0.0775983039561223,0.06732759620514894,0.08011144064565055,0.06978656156165498
0.17627359203332657,0.053357258696011475,0.06276944434730593,0.15584522472523935,0.0713711243075554,0.19972784367906404,0.07280779228831487,0.05875846804429164,0.08178978473929775,0.06729946713959292
0.1796692023491092,0.05296288960528116,0.061498450580593576,0.14984731261640566,0.07288525627823152,0.22001290934439802,0.0726249509947971,0.05636955868649079,0.07284229147382748,0.06128717807086552
0.14972645417103805,0.0546463796809727,0.06378679370557662,0.16665924140668342,0.07305914095977448,0.20622698076359045,0.07398409733340792,0.05991525731045349,0.0850788551524624,0.06691679951604049
0.14846818804131098,0.05892294927196422,0.06832044332225655,0.161438954188285,0.07551226882088545,0.18257134113682766,0.07691616601457987,0.06260579468754109,0.09484340362296274,0.07040049089338639
0.16103799135520308,0.06002600797785972,0.06996583378731158,0.1371146364056631,0.07526519429845935,0.21503027352620635,0.07392108502246371,0.06593151697953696,0.07532667843095221,0.06638078221634394
0.16590373719261556,0.059552849156911496,0.069608973310947,0.13166935079469472,0.07691547149006524,0.21031149849935987,0.07615324423822917,0.06595655753969817,0.07558280674638569,0.06834551103109303
0.2031938853900455,0.056566335274758364,0.06444119585184886,0.13236125690670583,0.07278845189233574,0.19909075587149222,0.0730690064744601,0.061163473840554955,0.07254300288943735,0.06478263560836112
0.1907481587277107,0.0498798851954801,0.058861421204344726,0.16184912383131705,0.06642913227129188,0.22094064526379453,0.06556235998472386,0.052944453133448546,0.0761935532048745,0.05659126718301408
0.14509581406757885,0.05622973827327665,0.06542226803033405,0.1801433389235594,0.0787028505210613,0.16967386189033398,0.07995879644819408,0.056868787405737746,0.09510269653618314,0.07280184790374081
0.1840630030029468,0.05421222835750133,0.06331366985286897,0.14253627233696822,0.07105337883416801,0.21926933405033827,0.07057680675555313,0.058967231600935324,0.073659017787469,0.06234905742125094
0.15697182735210555,0.060031946293951255,0.06630141920927819,0.14816162984217013,0.07647855837320199,0.20419762733122454,0.07568676073850282,0.06242669790453192,0.08134872674251548,0.06839480621251814
0.16622173205218252,0.056078822995438836,0.06966036320998667,0.16071549056304937,0.07649277325860421,0.16413071822100125,0.07700274411420469,0.060561546780970595,0.10113020790859015,0.06800560089597174
0.1603151792383634,0.05483013534488451,0.060978168498554204,0.1677029902206983,0.07207934385693932,0.21258191990442638,0.07209311641507916,0.05863928281736899,0.07548384712407846,0.06529601657960729
0.18504574726361453,0.056117885843841385,0.06519745742797169,0.13611539389388463,0.07218689462035939,0.21242712163976604,0.07267915181837452,0.062010327285367824,0.07382502924277358,0.0643949909640465
0.1845464078136863,0.055492473975310014,0.06022428780819885,0.16030807336976663,0.06877905276384325,0.20301832020504357,0.06796246288971974,0.05528585663703383,0.08301062191947974,0.06137244261791809
0.15748443785308341,0.0571268760946161,0.0661605763435614,0.1597701503911387,0.07590602413991733,0.1943213137524033,0.07605594968884029,0.06283910717464557,0.08097429808153414,0.06936126648025981
0.17544850771764484,0.05532750803716125,0.06306860536484314,0.16275385852706686,0.07155093513188195,0.20040434030610083,0.06983474798044373,0.0564366658023845,0.08269549034913709,0.06247934078333579
0.13792681540518845,0.09081043972132581,0.09725740448034406,0.10899311078934983,0.08977753631958751,0.1293342416013074,0.09051948008952883,0.08864843890837389,0.08817565529159055,0.0785568773934037
0.1838662323163414,0.054428740228164976,0.06163105731766184,0.14928855190129958,0.07212632493656482,0.21563014696167856,0.07229338135599962,0.05950052580158132,0.0691117298142746,0.06212330936643328
0.16665036472548309,0.05575376699533528,0.05951589695807376,0.17201274802549593,0.07813151677797835,0.1879027686369684,0.07604973779333857,0.05382010949775365,0.08570531775835748,0.06445777283121551
0.16254435699025874,0.054838140258739156,0.062027140477480196,0.1526168172791338,0.07180017773791565,0.22923973771958542,0.07015408292399204,0.05970491393295258,0.07289725792005187,0.06417737475989058
0.15705368834818403,0.05964803999019595,0.0657320492810279,0.1542560953960309,0.07541576250908046,0.20021112569699062,0.07408662740591487,0.060718869503955566,0.08747833087808082,0.06539941099053885
0.15653173897964295,0.061194741670193786,0.06608209250828885,0.14107304623797076,0.07818412972820522,0.20475637966911292,0.07760588177291952,0.06668026611466792,0.07776011525749908,0.070131608061499
0.15823657631971919,0.060820949650128533,0.06662970025266067,0.15548170222167693,0.0753882000613652,0.1951404052361767,0.0743648355197705,0.06428388240822747,0.08173670165976228,0.06791704667051252
0.18223562931347878,0.04823412297777345,0.057839133389241223,0.15023574948537,0.06471629056688162,0.2442364750924679,0.06627180611294262,0.05349250641122346,0.07600888920873848,0.056729397441882455
0.15475618569082666,0.06362419051593218,0.07115973617976827,0.15065448455166533,0.08650159703057868,0.16587805059524063,0.08129211551646268,0.06102472928202747,0.0944125839589005,0.07069632667859761
0.1676790137628372,0.05367721570136672,0.06210882366727789,0.15728626221541306,0.07346941272827444,0.21977235748078244,0.07076779804849417,0.0573174482669385,0.07768958933514226,0.0602320787934734
0.18803352221482653,0.05087828928964468,0.06146478070886627,0.157076387325266,0.06814360381146291,0.2088019352935827,0.06938691945759241,0.05654476390133779,0.07926749289789438,0.06040230509952631
0.1808188544579076,0.05284495528338956,0.06226362174312292,0.1423687632263444,0.06975471330982208,0.22961149520301585,0.06867950530090779,0.057173067093219565,0.07572824450909257,0.06075677987317773
0.1848375893152507,0.052012348069361614,0.06182096943372032,0.15535961593858152,0.07072601588285211,0.2025762942981428,0.0709618592728156,0.05715694140840404,0.08135991202229731,0.06318845435857397
0.14087207589206865,0.06790408943839339,0.0755610690775243,0.1372316389086333,0.08345564757624846,0.17640360003096964,0.08275331391083225,0.07337830300941942,0.08485701455799384,0.0775832475979167
0.13514007677713283,0.08739431692275137,0.08500645559282398,0.11862288045965907,0.08927511303004267,0.14026264447194497,0.0888999661291947,0.07933747285192191,0.09488412537853913,0.08117694838598939
0.17337185209859232,0.05849325775719072,0.06817536179324912,0.13043036603511013,0.07509270180571438,0.2085673078176145,0.07735802352721868,0.06551038116025529,0.07445129085777664,0.06854945714727818
0.15179116562670428,0.0663556788083202,0.06737220664698475,0.1453802873961224,0.0802268342093426,0.19696885396538594,0.0762052483851084,0.06785019795414417,0.07585111254444335,0.07199841446344388
0.13875891756540568,0.06210007462687962,0.07518103188641137,0.16000262585196529,0.07921533104122244,0.17769556435498038,0.07597595619271127,0.06648999870643,0.0931330951532211,0.07144740462077288
0.16878587746902074,0.05743788106236274,0.06663958253710897,0.13870700723873575,0.07427973165826937,0.2172111797130582,0.07286677403869864,0.06327991237979394,0.0755661851735015,0.06522586872945015
0.1823858694471935,0.05173824047158527,0.05907948799689888,0.1484978212475532,0.07322866502463013,0.2225902778037994,0.07325673949362764,0.05541406656128245,0.07323489531141998,0.060573936642009614
0.17493993410301936,0.05067594732407619,0.05826786254959157,0.1594363457868205,0.07085194132588461,0.22781660979181728,0.07095934233726778,0.052445738441786904,0.07336960032349268,0.061236678016243155
0.15854457969000482,0.06137268924913533,0.06815423944735804,0.13690577848837718,0.07825944223559986,0.20381185145789008,0.07840748027795609,0.06654490687751866,0.07608991545135028,0.07190911682480963
0.1472770442155118,0.06889173723529704,0.07325065818683409,0.14980570473971624,0.08471836849178316,0.1683519829143174,0.08061902406280802,0.06636787603490475,0.08632469091461477,0.07439291320421274
0.17464261708218606,0.05858969785058416,0.0656496120561166,0.14541041377847547,0.07267053304590919,0.21065335871957108,0.07032634994022437,0.05920871080536821,0.07984487444620712,0.06300383227535779
0.18897122483627415,0.05621408300989712,0.06222158134192973,0.14807273434607066,0.06823910724360113,0.20860800319814446,0.0682230064564333,0.05871123093153724,0.07883718622805153,0.06190184240806062
0.17314955626134804,0.054633644496101356,0.059146681144122026,0.14729557253686448,0.06993194330411666,0.22446520570948503,0.07120453648597619,0.056778742911962304,0.0818184194259751,0.061575697724048875
0.16583118744222763,0.06301037322536851,0.07238482265720689,0.14960790293813547,0.08121295718522709,0.17360376123131124,0.07568035876631526,0.06294340098788068,0.0903825080980718,0.06534272746825548
0.19026722739008126,0.048817145169275294,0.05993491865113745,0.15114193405530582,0.06655515543885696,0.2233670841016658,0.0682857529793478,0.05328725465269532,0.0803066698754519,0.05803685768618235
0.16461253904363,0.05520990714909223,0.06460421480544491,0.15236956495386975,0.07284870223880846,0.21399215769933666,0.07103575044859627,0.059345213869837835,0.08231289773761426,0.0636690520537697
0.17368979950787647,0.05368111654840683,0.06063901254992849,0.15120942078605085,0.06926490879713533,0.22800223621755375,0.06940622350077147,0.059642252372830544,0.07284705931741646,0.06161797040202979
0.1690652247344363,0.05487393585700805,0.062281303704127655,0.1497033006171103,0.07347335855287873,0.2142049532329963,0.07448820263374374,0.057175789190005134,0.08022372357509334,0.06451020790260048
0.16064668577248276,0.05817662338237838,0.07961189461601516,0.16438282499941842,0.08031231684585527,0.14467900982724854,0.07996281243521289,0.06362670356109977,0.10132047880315816,0.06728064975713072
0.17449290526781436,0.05218909520100628,0.061918584702866375,0.16657574967685942,0.07480626658349297,0.18259316008051352,0.07667683283776765,0.051268137421737685,0.09609692948873574,0.06338233873920604
0.15955205565022584,0.05497670905980031,0.06575180503750089,0.15945576573805179,0.07458501849242141,0.20189765908715313,0.07319131436687216,0.05799181948988914,0.0867841254514834,0.06581372762660187
0.15736122691040946,0.05996638318618723,0.06675916319741232,0.14286667474773412,0.07672645567102579,0.2035291605892518,0.07761756697914497,0.06452657731643775,0.08098529135246507,0.06966150004993153
0.16810277598355763,0.055519734015368055,0.0645003789556862,0.16506959561617485,0.07271018597538091,0.17232141088946185,0.07464596610728619,0.057499478061459074,0.10389247971997531,0.06573799467564992
0.19634806729814872,0.048062555949490354,0.0574905534245654,0.14241126279715394,0.06443811078748048,0.24597673812018203,0.0654118000282085,0.053546315737840695,0.0704114940746588,0.05590310178227111
0.18830555299838803,0.05185106967134849,0.05824398391871349,0.16273558469046406,0.06600981078180423,0.21968383435019584,0.06536056310414608,0.05541435218856629,0.07432530626801574,0.05806994202835772
0.1526456694768823,0.05534777259483766,0.06327463222754724,0.1693108150241285,0.07187013722569306,0.19813070609075356,0.07308044366606069,0.06032489323080515,0.08940156227520404,0.06661336818808773
0.17399178808814486,0.05189560478588169,0.059267779804732926,0.161659279515968,0.06968544627274031,0.2251253788926434,0.06733836229454777,0.05581327001775211,0.07702204081979196,0.05820104950779694
0.15829702063352138,0.06139941387554461,0.06773597581102166,0.14109759689718274,0.07777723218462096,0.2087194495550121,0.07465073398164056,0.06263992454878771,0.08059388481641992,0.06708876769624836
0.18323640693383397,0.04855002191237789,0.05404246102581149,0.1561708014082738,0.0634294576675723,0.25389984032778806,0.06399270519045004,0.05008798045171781,0.0703642819990672,0.056226043083107455
