{
  "nbformat": 4,
  "nbformat_minor": 0,
  "metadata": {
    "colab": {
      "name": "tratamento.ipynb",
      "provenance": []
    },
    "kernelspec": {
      "name": "python3",
      "display_name": "Python 3"
    }
  },
  "cells": [
    {
      "cell_type": "markdown",
      "metadata": {
        "id": "4smJ-x7yROks",
        "colab_type": "text"
      },
      "source": [
        "# Tratamento de dados do multiple features dataset"
      ]
    },
    {
      "cell_type": "code",
      "metadata": {
        "id": "c8gcBOUf0plo",
        "colab_type": "code",
        "colab": {
          "base_uri": "https://localhost:8080/",
          "height": 34
        },
        "outputId": "94b8ff7d-bd47-4794-fc4c-91a997c2942f"
      },
      "source": [
        "# imports\n",
        "import numpy as np\n",
        "import pandas as pd\n",
        "import matplotlib.pyplot as plt\n",
        "import cv2\n",
        "from google.colab import drive\n",
        "import argparse\n",
        "import sys,os\n",
        "from sklearn import preprocessing\n",
        "\n",
        "drive.mount('/content/gdrive')"
      ],
      "execution_count": 1,
      "outputs": [
        {
          "output_type": "stream",
          "text": [
            "Drive already mounted at /content/gdrive; to attempt to forcibly remount, call drive.mount(\"/content/gdrive\", force_remount=True).\n"
          ],
          "name": "stdout"
        }
      ]
    },
    {
      "cell_type": "code",
      "metadata": {
        "id": "KS6wd4hNSMux",
        "colab_type": "code",
        "colab": {
          "base_uri": "https://localhost:8080/",
          "height": 476
        },
        "outputId": "83056534-4359-40c0-b4b3-afdd10b37e31"
      },
      "source": [
        "## Importando os dados\n",
        "\n",
        "dir = \"/content/gdrive/My Drive/\"\n",
        "dir_local = os.getcwd() # path para rodar em máquina local ao invés do colab\n",
        "\n",
        "kar = pd.read_csv(os.path.join(dir,'data/mfeat-kar'),  delim_whitespace=True, header= None)\n",
        "fou = pd.read_csv(os.path.join(dir,'data/mfeat-fou'),  delim_whitespace=True, header= None)\n",
        "fac = pd.read_csv(os.path.join(dir,'data/mfeat-fac'),  delim_whitespace=True, header= None)\n",
        "\n",
        "print(\"mfeat-kar\")\n",
        "print(kar.shape, kar.head())\n",
        "print(\"mfeat-fou\")\n",
        "print(fou.shape, fou.head())\n",
        "print(\"mfeat-fac\")\n",
        "print(fac.shape, fac.head())"
      ],
      "execution_count": 2,
      "outputs": [
        {
          "output_type": "stream",
          "text": [
            "mfeat-kar\n",
            "(2000, 64)           0          1          2   ...        61        62        63\n",
            "0 -10.297008 -11.666789  11.560669  ...  1.814691 -1.351353 -0.473910\n",
            "1  -5.036009 -12.885333   0.161155  ...  0.485792  0.642451  0.613107\n",
            "2  -9.639157  -6.655898   0.388687  ...  1.097748  0.827182 -1.767840\n",
            "3  -6.650375  -7.043851   4.104350  ... -0.913552 -0.771735  0.304992\n",
            "4 -10.664524 -10.974133   0.194391  ...  0.298318 -0.943213  1.149847\n",
            "\n",
            "[5 rows x 64 columns]\n",
            "mfeat-fou\n",
            "(2000, 76)          0         1         2   ...        73        74        75\n",
            "0  0.065882  0.197312  0.103826  ...  0.394366  0.049971  0.344871\n",
            "1  0.049142  0.175971  0.105515  ...  0.445277  0.083978  0.354092\n",
            "2  0.034172  0.227649  0.108766  ...  0.445029  0.071234  0.261465\n",
            "3  0.062336  0.217979  0.080243  ...  0.408291  0.063010  0.401376\n",
            "4  0.061970  0.198358  0.111239  ...  0.434701  0.069218  0.405403\n",
            "\n",
            "[5 rows x 76 columns]\n",
            "mfeat-fac\n",
            "(2000, 216)    0    1    2    3    4    5    6    ...  209  210  211  212  213  214  215\n",
            "0   98  236  531  673  607  647    2  ...  632   18   36    8   15   12   13\n",
            "1  121  193  607  611  585  665    7  ...  634   15   32   11   13   15   11\n",
            "2  115  141  590  605  557  627   12  ...  656   20   35   16   14   13    6\n",
            "3   90  122  627  692  607  642    0  ...  621   16   35    7   12   15    9\n",
            "4  157  167  681  666  587  666    8  ...  653   16   35   10   15   13   13\n",
            "\n",
            "[5 rows x 216 columns]\n"
          ],
          "name": "stdout"
        }
      ]
    },
    {
      "cell_type": "markdown",
      "metadata": {
        "id": "FwUuZH2setl1",
        "colab_type": "text"
      },
      "source": [
        "## Normalizando os dados"
      ]
    },
    {
      "cell_type": "code",
      "metadata": {
        "id": "Q7AXQN-sepYc",
        "colab_type": "code",
        "colab": {
          "base_uri": "https://localhost:8080/",
          "height": 476
        },
        "outputId": "b0d6895f-b625-4f12-9275-0254e49f2c7e"
      },
      "source": [
        "def normalization(data):\n",
        "  x = data.values #returns a numpy array\n",
        "  min_max_scaler = preprocessing.MinMaxScaler()\n",
        "  x_scaled = min_max_scaler.fit_transform(x)\n",
        "  datapd = pd.DataFrame(x_scaled)\n",
        "  return datapd\n",
        "\n",
        "\n",
        "kar = normalization(kar)\n",
        "fou = normalization(fou)\n",
        "fac = normalization(fac)\n",
        "\n",
        "print(\"mfeat-kar\")\n",
        "print(kar.shape, kar.head())\n",
        "print(\"mfeat-fou\")\n",
        "print(fou.shape, fou.head())\n",
        "print(\"mfeat-fac\")\n",
        "print(fac.shape, fac.head())"
      ],
      "execution_count": 3,
      "outputs": [
        {
          "output_type": "stream",
          "text": [
            "mfeat-kar\n",
            "(2000, 64)          0         1         2   ...        61        62        63\n",
            "0  0.191173  0.128265  0.889728  ...  0.836661  0.219735  0.433051\n",
            "1  0.354385  0.089040  0.498033  ...  0.618422  0.565718  0.595312\n",
            "2  0.211582  0.289563  0.505851  ...  0.718921  0.597774  0.239905\n",
            "3  0.304303  0.277075  0.633523  ...  0.388613  0.320316  0.549319\n",
            "4  0.179772  0.150561  0.499175  ...  0.587634  0.290560  0.675432\n",
            "\n",
            "[5 rows x 64 columns]\n",
            "mfeat-fou\n",
            "(2000, 76)          0         1         2   ...        73        74        75\n",
            "0  0.155955  0.247037  0.148847  ...  0.628352  0.095886  0.588917\n",
            "1  0.113125  0.219041  0.151407  ...  0.711892  0.162660  0.604874\n",
            "2  0.074823  0.286835  0.156336  ...  0.711485  0.137636  0.444575\n",
            "3  0.146884  0.274150  0.113103  ...  0.651201  0.121489  0.686703\n",
            "4  0.145945  0.248410  0.160085  ...  0.694537  0.133679  0.693673\n",
            "\n",
            "[5 rows x 76 columns]\n",
            "mfeat-fac\n",
            "(2000, 216)         0         1         2    ...       213       214       215\n",
            "0  0.069196  0.320248  0.040576  ...  0.785714  0.500000  0.565217\n",
            "1  0.120536  0.231405  0.140052  ...  0.642857  0.714286  0.478261\n",
            "2  0.107143  0.123967  0.117801  ...  0.714286  0.571429  0.260870\n",
            "3  0.051339  0.084711  0.166230  ...  0.571429  0.714286  0.391304\n",
            "4  0.200893  0.177686  0.236911  ...  0.785714  0.571429  0.565217\n",
            "\n",
            "[5 rows x 216 columns]\n"
          ],
          "name": "stdout"
        }
      ]
    },
    {
      "cell_type": "markdown",
      "metadata": {
        "id": "2ZBvhmmFewBX",
        "colab_type": "text"
      },
      "source": [
        "## Criando classes"
      ]
    },
    {
      "cell_type": "code",
      "metadata": {
        "id": "7XKc3ZCNTq4r",
        "colab_type": "code",
        "colab": {
          "base_uri": "https://localhost:8080/",
          "height": 867
        },
        "outputId": "ca07ba75-1ff3-4171-91ae-d0af6dd5474b"
      },
      "source": [
        "# Criando as classes para cada dataset\n",
        "\n",
        "finais = []\n",
        "for i in [kar, fou, fac]:\n",
        "  # Separando as classes\n",
        "  c_200 = i[0:200]\n",
        "  c_400 = i[200:400]\n",
        "  c_600 = i[400:600]\n",
        "  c_800 = i[600:800]\n",
        "  c_1000 = i[800:1000]\n",
        "  c_1200 = i[1000:1200]\n",
        "  c_1400 = i[1200:1400]\n",
        "  c_1600 = i[1400:1600]\n",
        "  c_1800 = i[1600:1800]\n",
        "  c_2000 = i[1800:2000]\n",
        "\n",
        "  # Atribuindo as classes\n",
        "  c_200[\"class\"] = 0\n",
        "  c_400[\"class\"] = 1\n",
        "  c_600[\"class\"] = 2\n",
        "  c_800[\"class\"] = 3\n",
        "  c_1000[\"class\"] = 4\n",
        "  c_1200[\"class\"] = 5\n",
        "  c_1400[\"class\"] = 6\n",
        "  c_1600[\"class\"] = 7\n",
        "  c_1800[\"class\"] = 8\n",
        "  c_2000[\"class\"] = 9\n",
        "\n",
        "  # juntando o dataset novamente\n",
        "  lista_datasets = [c_400,c_600,c_800,c_1000,c_1200,c_1400,c_1600,c_1800,c_2000]\n",
        "  final = c_200\n",
        "  for j in lista_datasets:\n",
        "    final = final.append(j)\n",
        " # salvando datasets finais\n",
        "  finais.append(final)\n",
        "\n",
        "kar_final = finais[0]\n",
        "fou_final = finais[1]\n",
        "fac_final = finais[2]"
      ],
      "execution_count": 4,
      "outputs": [
        {
          "output_type": "stream",
          "text": [
            "/usr/local/lib/python3.6/dist-packages/ipykernel_launcher.py:18: SettingWithCopyWarning: \n",
            "A value is trying to be set on a copy of a slice from a DataFrame.\n",
            "Try using .loc[row_indexer,col_indexer] = value instead\n",
            "\n",
            "See the caveats in the documentation: https://pandas.pydata.org/pandas-docs/stable/user_guide/indexing.html#returning-a-view-versus-a-copy\n",
            "/usr/local/lib/python3.6/dist-packages/ipykernel_launcher.py:19: SettingWithCopyWarning: \n",
            "A value is trying to be set on a copy of a slice from a DataFrame.\n",
            "Try using .loc[row_indexer,col_indexer] = value instead\n",
            "\n",
            "See the caveats in the documentation: https://pandas.pydata.org/pandas-docs/stable/user_guide/indexing.html#returning-a-view-versus-a-copy\n",
            "/usr/local/lib/python3.6/dist-packages/ipykernel_launcher.py:20: SettingWithCopyWarning: \n",
            "A value is trying to be set on a copy of a slice from a DataFrame.\n",
            "Try using .loc[row_indexer,col_indexer] = value instead\n",
            "\n",
            "See the caveats in the documentation: https://pandas.pydata.org/pandas-docs/stable/user_guide/indexing.html#returning-a-view-versus-a-copy\n",
            "/usr/local/lib/python3.6/dist-packages/ipykernel_launcher.py:21: SettingWithCopyWarning: \n",
            "A value is trying to be set on a copy of a slice from a DataFrame.\n",
            "Try using .loc[row_indexer,col_indexer] = value instead\n",
            "\n",
            "See the caveats in the documentation: https://pandas.pydata.org/pandas-docs/stable/user_guide/indexing.html#returning-a-view-versus-a-copy\n",
            "/usr/local/lib/python3.6/dist-packages/ipykernel_launcher.py:22: SettingWithCopyWarning: \n",
            "A value is trying to be set on a copy of a slice from a DataFrame.\n",
            "Try using .loc[row_indexer,col_indexer] = value instead\n",
            "\n",
            "See the caveats in the documentation: https://pandas.pydata.org/pandas-docs/stable/user_guide/indexing.html#returning-a-view-versus-a-copy\n",
            "/usr/local/lib/python3.6/dist-packages/ipykernel_launcher.py:23: SettingWithCopyWarning: \n",
            "A value is trying to be set on a copy of a slice from a DataFrame.\n",
            "Try using .loc[row_indexer,col_indexer] = value instead\n",
            "\n",
            "See the caveats in the documentation: https://pandas.pydata.org/pandas-docs/stable/user_guide/indexing.html#returning-a-view-versus-a-copy\n",
            "/usr/local/lib/python3.6/dist-packages/ipykernel_launcher.py:24: SettingWithCopyWarning: \n",
            "A value is trying to be set on a copy of a slice from a DataFrame.\n",
            "Try using .loc[row_indexer,col_indexer] = value instead\n",
            "\n",
            "See the caveats in the documentation: https://pandas.pydata.org/pandas-docs/stable/user_guide/indexing.html#returning-a-view-versus-a-copy\n",
            "/usr/local/lib/python3.6/dist-packages/ipykernel_launcher.py:25: SettingWithCopyWarning: \n",
            "A value is trying to be set on a copy of a slice from a DataFrame.\n",
            "Try using .loc[row_indexer,col_indexer] = value instead\n",
            "\n",
            "See the caveats in the documentation: https://pandas.pydata.org/pandas-docs/stable/user_guide/indexing.html#returning-a-view-versus-a-copy\n",
            "/usr/local/lib/python3.6/dist-packages/ipykernel_launcher.py:26: SettingWithCopyWarning: \n",
            "A value is trying to be set on a copy of a slice from a DataFrame.\n",
            "Try using .loc[row_indexer,col_indexer] = value instead\n",
            "\n",
            "See the caveats in the documentation: https://pandas.pydata.org/pandas-docs/stable/user_guide/indexing.html#returning-a-view-versus-a-copy\n",
            "/usr/local/lib/python3.6/dist-packages/ipykernel_launcher.py:27: SettingWithCopyWarning: \n",
            "A value is trying to be set on a copy of a slice from a DataFrame.\n",
            "Try using .loc[row_indexer,col_indexer] = value instead\n",
            "\n",
            "See the caveats in the documentation: https://pandas.pydata.org/pandas-docs/stable/user_guide/indexing.html#returning-a-view-versus-a-copy\n"
          ],
          "name": "stderr"
        }
      ]
    },
    {
      "cell_type": "code",
      "metadata": {
        "id": "TETVjoOZa5RM",
        "colab_type": "code",
        "colab": {
          "base_uri": "https://localhost:8080/",
          "height": 476
        },
        "outputId": "f501ee57-edeb-4dde-cf85-e06561578fc1"
      },
      "source": [
        "print(\"mfeat-kar\")\n",
        "print(kar_final.shape, kar_final.head())\n",
        "print(\"mfeat-fou\")\n",
        "print(fou_final.shape, fou_final.head())\n",
        "print(\"mfeat-fac\")\n",
        "print(fac_final.shape, fac_final.head())"
      ],
      "execution_count": 5,
      "outputs": [
        {
          "output_type": "stream",
          "text": [
            "mfeat-kar\n",
            "(2000, 65)           0         1         2         3  ...        61        62        63  class\n",
            "0  0.191173  0.128265  0.889728  0.392640  ...  0.836661  0.219735  0.433051      0\n",
            "1  0.354385  0.089040  0.498033  0.478535  ...  0.618422  0.565718  0.595312      0\n",
            "2  0.211582  0.289563  0.505851  0.404323  ...  0.718921  0.597774  0.239905      0\n",
            "3  0.304303  0.277075  0.633523  0.384240  ...  0.388613  0.320316  0.549319      0\n",
            "4  0.179772  0.150561  0.499175  0.474083  ...  0.587634  0.290560  0.675432      0\n",
            "\n",
            "[5 rows x 65 columns]\n",
            "mfeat-fou\n",
            "(2000, 77)           0         1         2         3  ...        73        74        75  class\n",
            "0  0.155955  0.247037  0.148847  0.352688  ...  0.628352  0.095886  0.588917      0\n",
            "1  0.113125  0.219041  0.151407  0.294052  ...  0.711892  0.162660  0.604874      0\n",
            "2  0.074823  0.286835  0.156336  0.159348  ...  0.711485  0.137636  0.444575      0\n",
            "3  0.146884  0.274150  0.113103  0.378748  ...  0.651201  0.121489  0.686703      0\n",
            "4  0.145945  0.248410  0.160085  0.329783  ...  0.694537  0.133679  0.693673      0\n",
            "\n",
            "[5 rows x 77 columns]\n",
            "mfeat-fac\n",
            "(2000, 217)           0         1         2         3  ...       213       214       215  class\n",
            "0  0.069196  0.320248  0.040576  0.219966  ...  0.785714  0.500000  0.565217      0\n",
            "1  0.120536  0.231405  0.140052  0.115059  ...  0.642857  0.714286  0.478261      0\n",
            "2  0.107143  0.123967  0.117801  0.104907  ...  0.714286  0.571429  0.260870      0\n",
            "3  0.051339  0.084711  0.166230  0.252115  ...  0.571429  0.714286  0.391304      0\n",
            "4  0.200893  0.177686  0.236911  0.208122  ...  0.785714  0.571429  0.565217      0\n",
            "\n",
            "[5 rows x 217 columns]\n"
          ],
          "name": "stdout"
        }
      ]
    },
    {
      "cell_type": "code",
      "metadata": {
        "id": "qVOAk3j4g6xT",
        "colab_type": "code",
        "colab": {
          "base_uri": "https://localhost:8080/",
          "height": 122
        },
        "outputId": "545d9ad1-2749-4dce-8528-f233df66002e"
      },
      "source": [
        "import math\n",
        "from typing import List\n",
        "from random import *\n",
        "\n",
        "# Example Data\n",
        "E = 20 # Quantidade de Objetos\n",
        "Y = 10 # Quantidade de variaveis\n",
        "\n",
        "data = [] # Matriz de dados\n",
        "for i in range(0, E):\n",
        "    y = []\n",
        "    for j in range(0, Y):\n",
        "        y.append(randint(-100,100))\n",
        "    data.append(y)\n",
        "print(data)\n",
        "\n",
        "# Distância Euclidiana\n",
        "def dist_euclidiana(m1, m2):\n",
        "    dim, soma = len(m1), 0\n",
        "    for i in range(dim):\n",
        "        soma += math.pow(m1[i] - m2[i], 2)\n",
        "    return math.sqrt(soma)\n",
        "\n",
        "# Matriz Lista com todos os valores em uma única lista\n",
        "data2 = []\n",
        "for linha in data:\n",
        "    for col in linha:\n",
        "        data2.append(col)\n",
        "print(\"Cópia dos dados: \",data2)\n",
        "Min = min(data2) # Recebe o menor valor entre os dados\n",
        "Max = max(data2) # Recebe o maior valor entre os dados\n",
        "Dif = (Max-Min) # Recebe a diferença entre os dados\n",
        "print(Dif)\n",
        "\n",
        "# Normalized Data with MaxMin\n",
        "normalized = [] # Matriz com dados normalizados\n",
        "for i in range(0,len(data)):\n",
        "    norm_y = []\n",
        "    for j in range(0,len(data[0])):\n",
        "        norm_y.append((data[i][j] - Min) / (Dif))\n",
        "    normalized.append(norm_y)\n",
        "print(normalized)\n",
        "\n",
        "def matrizDissimilaridade(matriz):\n",
        "    linhas = len(matriz)\n",
        "    matrizResultado = criarMatrizZerada(linhas)\n",
        "    i = 0\n",
        "    while i < linhas:\n",
        "        j = 0\n",
        "        while j < linhas:\n",
        "            matrizResultado[i][j] = dist_euclidiana(matriz[i], matriz[j])\n",
        "            j = j+1\n",
        "        i = i+1\n",
        "    return matrizResultado\n",
        "\n",
        "def criarMatrizZerada(linhas:int) -> List[List[float]]:\n",
        "    l = 0\n",
        "    matrizResultado = []\n",
        "    while l < linhas:\n",
        "        matrizResultado.append([])\n",
        "        c = 0\n",
        "        while c < linhas:\n",
        "            matrizResultado[l].append(0)\n",
        "            c = c+1\n",
        "        l = l+1\n",
        "    return matrizResultado\n",
        "\n",
        "print(matrizDissimilaridade(normalized))"
      ],
      "execution_count": 6,
      "outputs": [
        {
          "output_type": "stream",
          "text": [
            "[[75, 38, -66, 44, 12, -25, -37, -82, 89, 45], [17, 62, 77, 49, 76, 57, -91, 10, 14, -76], [69, -77, -73, -59, -47, 91, -55, -1, -1, 80], [70, -86, 88, -88, -51, 19, 15, -69, -82, 75], [89, 63, 80, 39, 82, 47, 41, 79, 99, 59], [-1, 96, -55, -42, -72, 97, -48, -63, -74, -18], [35, -97, 55, -57, 69, 66, -42, 65, 35, -87], [-99, -37, 2, 11, -40, 38, 70, 44, 61, 69], [54, 37, -90, 99, -24, -62, 47, -63, -79, 77], [29, -50, -45, 52, -24, 27, 0, -4, -75, 27], [75, 54, -93, -72, -41, 42, -31, -5, -45, 14], [94, 95, 79, -48, -66, -76, -34, 91, 18, 91], [-44, -8, 100, -85, -57, 62, 71, 72, 92, 10], [-9, 9, -68, 50, 77, 86, 84, -75, 53, -53], [11, -57, -93, 66, 71, -98, -43, -95, -9, 29], [-4, 66, 49, 100, 46, 51, 99, 61, 19, 55], [-39, 12, 0, -94, -58, -6, -31, -75, -30, -98], [41, -77, 46, -34, -11, 59, 0, 27, 70, 15], [6, 83, 23, 83, -28, 63, 55, -41, -36, 0], [13, -85, -44, 45, 75, 83, 54, -97, 1, 23]]\n",
            "Cópia dos dados:  [75, 38, -66, 44, 12, -25, -37, -82, 89, 45, 17, 62, 77, 49, 76, 57, -91, 10, 14, -76, 69, -77, -73, -59, -47, 91, -55, -1, -1, 80, 70, -86, 88, -88, -51, 19, 15, -69, -82, 75, 89, 63, 80, 39, 82, 47, 41, 79, 99, 59, -1, 96, -55, -42, -72, 97, -48, -63, -74, -18, 35, -97, 55, -57, 69, 66, -42, 65, 35, -87, -99, -37, 2, 11, -40, 38, 70, 44, 61, 69, 54, 37, -90, 99, -24, -62, 47, -63, -79, 77, 29, -50, -45, 52, -24, 27, 0, -4, -75, 27, 75, 54, -93, -72, -41, 42, -31, -5, -45, 14, 94, 95, 79, -48, -66, -76, -34, 91, 18, 91, -44, -8, 100, -85, -57, 62, 71, 72, 92, 10, -9, 9, -68, 50, 77, 86, 84, -75, 53, -53, 11, -57, -93, 66, 71, -98, -43, -95, -9, 29, -4, 66, 49, 100, 46, 51, 99, 61, 19, 55, -39, 12, 0, -94, -58, -6, -31, -75, -30, -98, 41, -77, 46, -34, -11, 59, 0, 27, 70, 15, 6, 83, 23, 83, -28, 63, 55, -41, -36, 0, 13, -85, -44, 45, 75, 83, 54, -97, 1, 23]\n",
            "199\n",
            "[[0.8743718592964824, 0.6884422110552764, 0.1658291457286432, 0.7185929648241206, 0.5577889447236181, 0.37185929648241206, 0.31155778894472363, 0.08542713567839195, 0.9447236180904522, 0.7236180904522613], [0.5829145728643216, 0.8090452261306532, 0.8844221105527639, 0.7437185929648241, 0.8793969849246231, 0.7839195979899497, 0.04020100502512563, 0.5477386934673367, 0.5678391959798995, 0.11557788944723618], [0.8442211055276382, 0.11055276381909548, 0.1306532663316583, 0.20100502512562815, 0.2613065326633166, 0.9547738693467337, 0.22110552763819097, 0.49246231155778897, 0.49246231155778897, 0.8994974874371859], [0.8492462311557789, 0.06532663316582915, 0.9396984924623115, 0.05527638190954774, 0.24120603015075376, 0.592964824120603, 0.5728643216080402, 0.1507537688442211, 0.08542713567839195, 0.8743718592964824], [0.9447236180904522, 0.8140703517587939, 0.8994974874371859, 0.6934673366834171, 0.9095477386934674, 0.7336683417085427, 0.7035175879396985, 0.8944723618090452, 0.9949748743718593, 0.7939698492462312], [0.49246231155778897, 0.9798994974874372, 0.22110552763819097, 0.2864321608040201, 0.135678391959799, 0.9849246231155779, 0.2562814070351759, 0.18090452261306533, 0.12562814070351758, 0.40703517587939697], [0.6733668341708543, 0.010050251256281407, 0.7738693467336684, 0.21105527638190955, 0.8442211055276382, 0.8291457286432161, 0.2864321608040201, 0.8241206030150754, 0.6733668341708543, 0.06030150753768844], [0.0, 0.31155778894472363, 0.507537688442211, 0.5527638190954773, 0.2964824120603015, 0.6884422110552764, 0.8492462311557789, 0.7185929648241206, 0.8040201005025126, 0.8442211055276382], [0.7688442211055276, 0.6834170854271356, 0.04522613065326633, 0.9949748743718593, 0.3768844221105528, 0.18592964824120603, 0.7336683417085427, 0.18090452261306533, 0.10050251256281408, 0.8844221105527639], [0.6432160804020101, 0.24623115577889448, 0.271356783919598, 0.7587939698492462, 0.3768844221105528, 0.6331658291457286, 0.49748743718592964, 0.47738693467336685, 0.12060301507537688, 0.6331658291457286], [0.8743718592964824, 0.7688442211055276, 0.03015075376884422, 0.135678391959799, 0.2914572864321608, 0.7085427135678392, 0.3417085427135678, 0.4723618090452261, 0.271356783919598, 0.5678391959798995], [0.9698492462311558, 0.9748743718592965, 0.8944723618090452, 0.2562814070351759, 0.1658291457286432, 0.11557788944723618, 0.32663316582914576, 0.9547738693467337, 0.5879396984924623, 0.9547738693467337], [0.27638190954773867, 0.457286432160804, 1.0, 0.07035175879396985, 0.21105527638190955, 0.8090452261306532, 0.8542713567839196, 0.8592964824120602, 0.9597989949748744, 0.5477386934673367], [0.45226130653266333, 0.542713567839196, 0.15577889447236182, 0.7487437185929648, 0.8844221105527639, 0.9296482412060302, 0.9195979899497487, 0.12060301507537688, 0.7638190954773869, 0.23115577889447236], [0.5527638190954773, 0.21105527638190955, 0.03015075376884422, 0.8291457286432161, 0.8542713567839196, 0.005025125628140704, 0.2814070351758794, 0.020100502512562814, 0.45226130653266333, 0.6432160804020101], [0.47738693467336685, 0.8291457286432161, 0.7437185929648241, 1.0, 0.7286432160804021, 0.7537688442211056, 0.9949748743718593, 0.8040201005025126, 0.592964824120603, 0.7738693467336684], [0.3015075376884422, 0.5577889447236181, 0.49748743718592964, 0.02512562814070352, 0.20603015075376885, 0.46733668341708545, 0.3417085427135678, 0.12060301507537688, 0.34673366834170855, 0.005025125628140704], [0.7035175879396985, 0.11055276381909548, 0.7286432160804021, 0.32663316582914576, 0.44221105527638194, 0.7939698492462312, 0.49748743718592964, 0.6331658291457286, 0.8492462311557789, 0.5728643216080402], [0.5276381909547738, 0.914572864321608, 0.6130653266331658, 0.914572864321608, 0.35678391959798994, 0.8140703517587939, 0.7738693467336684, 0.2914572864321608, 0.3165829145728643, 0.49748743718592964], [0.5628140703517588, 0.07035175879396985, 0.27638190954773867, 0.7236180904522613, 0.8743718592964824, 0.914572864321608, 0.7688442211055276, 0.010050251256281407, 0.5025125628140703, 0.6130653266331658]]\n",
            "[[0.0, 1.299556170873939, 1.2004266810431148, 1.5525930530093266, 1.2766885240870884, 1.3258810872620337, 1.5744850127830359, 1.3941622182155595, 1.0465419819321469, 1.1127902152154354, 1.0850199310619817, 1.4113269076695565, 1.6622307406238375, 1.124472216963613, 0.9157455621501047, 1.3694089700485066, 1.394669278504453, 1.1796208140833053, 1.1608692796378752, 1.1439751193801218], [1.299556170873939, 0.0, 1.5767367681030284, 1.6717136113351696, 1.1575799818406602, 1.3197533654943614, 1.0473861523225176, 1.544390426462413, 1.689032859121438, 1.285960968982779, 1.3879629863521392, 1.5241877854592916, 1.4939758496364617, 1.2836515960984731, 1.526836274578401, 1.2377018057494933, 1.3025063589404957, 1.181780921452634, 1.0972623878817238, 1.4160069312695112], [1.2004266810431148, 1.5767367681030284, 0.0, 1.1027145571088357, 1.5702773851734644, 1.1777355105475624, 1.2883838053852745, 1.2794052745786935, 1.4455689028170176, 0.8901425326548559, 0.8270416427492895, 1.5164810099933208, 1.4549452689753468, 1.4752745298796606, 1.43087308765838, 1.626596761592315, 1.3692522211632434, 0.8842650614330754, 1.4338700899181027, 1.1694083853893358], [1.5525930530093266, 1.6717136113351696, 1.1027145571088357, 0.0, 1.687911199102355, 1.4210802951709303, 1.431437708665681, 1.464373686315899, 1.510892414764434, 1.0993661097590672, 1.2769456278999163, 1.4435761228365052, 1.4091513160872804, 1.7329399096000384, 1.5958789507711753, 1.6699377846920838, 1.2784377855950129, 1.0653621877066863, 1.4098410644374302, 1.3317341402500604], [1.2766885240870884, 1.1575799818406602, 1.5702773851734644, 1.687911199102355, 0.0, 1.770485191319458, 1.3426022281042633, 1.3369762024905718, 1.6645685977000406, 1.4535474473898644, 1.5298351037152602, 1.2206608367858227, 1.2456940810617725, 1.3882085767089074, 1.756524019734212, 0.7906552528730426, 1.8509455268729338, 1.058191713625316, 1.2424565954007252, 1.4777800044567466], [1.3258810872620337, 1.3197533654943614, 1.1777355105475624, 1.4210802951709303, 1.770485191319458, 0.0, 1.626573474872829, 1.4993327809093604, 1.3602412678120461, 1.079723989657109, 0.6997025056220887, 1.598906219406601, 1.594755108936274, 1.3624486250507315, 1.6097509743871614, 1.5802562027793359, 0.9238991047832537, 1.415552112476538, 0.9780293970414362, 1.4329804583860557], [1.5744850127830359, 1.0473861523225176, 1.2883838053852745, 1.431437708665681, 1.3426022281042633, 1.626573474872829, 0.0, 1.4182165199724581, 1.9649976147232426, 1.2901661418276118, 1.4286565609700597, 1.6825093179863766, 1.2137420934645635, 1.3959542128738651, 1.6445448195299641, 1.5394117843192467, 1.30199249807315, 0.7509495012350811, 1.561334917006133, 1.3283261620049693], [1.3941622182155595, 1.544390426462413, 1.2794052745786935, 1.464373686315899, 1.3369762024905718, 1.4993327809093604, 1.4182165199724581, 0.0, 1.4821224485006925, 1.1042020376022468, 1.4332711908101705, 1.5333880813759626, 0.8524663164822702, 1.2505901235738168, 1.5403219148029388, 1.010275231825116, 1.4197380639747355, 0.935119037855191, 1.1616521081255862, 1.2229033232709856], [1.0465419819321469, 1.689032859121438, 1.4455689028170176, 1.510892414764434, 1.6645685977000406, 1.3602412678120461, 1.9649976147232426, 1.4821224485006925, 0.0, 0.8491570230568801, 1.1855250140125781, 1.5648728542031696, 1.9499883290606228, 1.381498339915877, 0.9851297089320881, 1.3234696558673977, 1.574468974512753, 1.5931629634394118, 1.022609978635471, 1.260735821553103], [1.1127902152154354, 1.285960968982779, 0.8901425326548559, 1.0993661097590672, 1.4535474473898644, 1.079723989657109, 1.2901661418276118, 1.1042020376022468, 0.8491570230568801, 0.0, 0.9150283254869895, 1.4730133876482265, 1.4923523300085328, 1.1679607094775757, 1.0300036664204524, 1.1764268793767587, 1.2071393559198083, 1.0034283798166057, 0.8955304001588368, 0.8964604409503153], [1.0850199310619817, 1.3879629863521392, 0.8270416427492895, 1.2769456278999163, 1.5298351037152602, 0.6997025056220887, 1.4286565609700597, 1.4332711908101705, 1.1855250140125781, 0.9150283254869895, 0.0, 1.2897452625819044, 1.517529700370067, 1.3546232563194278, 1.3977619761447266, 1.5143564383386825, 1.0559342290279867, 1.1836491146601222, 1.1531760072356902, 1.3509833198103514], [1.4113269076695565, 1.5241877854592916, 1.5164810099933208, 1.4435761228365052, 1.2206608367858227, 1.598906219406601, 1.6825093179863766, 1.5333880813759626, 1.5648728542031696, 1.4730133876482265, 1.2897452625819044, 0.0, 1.3670835569121242, 2.005975769899654, 1.8193175688296188, 1.4372913479979703, 1.6165681531013079, 1.316736344583241, 1.469297237753264, 1.9841420758802408], [1.6622307406238375, 1.4939758496364617, 1.4549452689753468, 1.4091513160872804, 1.2456940810617725, 1.594755108936274, 1.2137420934645635, 0.8524663164822702, 1.9499883290606228, 1.4923523300085328, 1.517529700370067, 1.3670835569121242, 0.0, 1.5387308845382757, 2.0031729080266722, 1.260204928456286, 1.3641341940740042, 0.8288106525621883, 1.3787996070331023, 1.604731205958709], [1.124472216963613, 1.2836515960984731, 1.4752745298796606, 1.7329399096000384, 1.3882085767089074, 1.3624486250507315, 1.3959542128738651, 1.2505901235738168, 1.381498339915877, 1.1679607094775757, 1.3546232563194278, 2.005975769899654, 1.5387308845382757, 0.0, 1.297086065691699, 1.158942578519552, 1.3770769773291038, 1.2390170513165653, 0.9968511824705478, 0.7070621403250591], [0.9157455621501047, 1.526836274578401, 1.43087308765838, 1.5958789507711753, 1.756524019734212, 1.6097509743871614, 1.6445448195299641, 1.5403219148029388, 0.9851297089320881, 1.0300036664204524, 1.3977619761447266, 1.8193175688296188, 2.0031729080266722, 1.297086065691699, 0.0, 1.631889721776195, 1.4540685317646849, 1.4664759642570322, 1.4493110475542557, 1.0772537981190786], [1.3694089700485066, 1.2377018057494933, 1.626596761592315, 1.6699377846920838, 0.7906552528730426, 1.5802562027793359, 1.5394117843192467, 1.010275231825116, 1.3234696558673977, 1.1764268793767587, 1.5143564383386825, 1.4372913479979703, 1.260204928456286, 1.158942578519552, 1.631889721776195, 0.0, 1.736753499888736, 1.2196674535524508, 0.8003054895122997, 1.280825565184854], [1.394669278504453, 1.3025063589404957, 1.3692522211632434, 1.2784377855950129, 1.8509455268729338, 0.9238991047832537, 1.30199249807315, 1.4197380639747355, 1.574468974512753, 1.2071393559198083, 1.0559342290279867, 1.6165681531013079, 1.3641341940740042, 1.3770769773291038, 1.4540685317646849, 1.736753499888736, 0.0, 1.2370895871766285, 1.2590622488668113, 1.4415280367479104], [1.1796208140833053, 1.181780921452634, 0.8842650614330754, 1.0653621877066863, 1.058191713625316, 1.415552112476538, 0.7509495012350811, 0.935119037855191, 1.5931629634394118, 1.0034283798166057, 1.1836491146601222, 1.316736344583241, 0.8288106525621883, 1.2390170513165653, 1.4664759642570322, 1.2196674535524508, 1.2370895871766285, 0.0, 1.235588369655035, 1.081021208562667], [1.1608692796378752, 1.0972623878817238, 1.4338700899181027, 1.4098410644374302, 1.2424565954007252, 0.9780293970414362, 1.561334917006133, 1.1616521081255862, 1.022609978635471, 0.8955304001588368, 1.1531760072356902, 1.469297237753264, 1.3787996070331023, 0.9968511824705478, 1.4493110475542557, 0.8003054895122997, 1.2590622488668113, 1.235588369655035, 0.0, 1.1264578779628087], [1.1439751193801218, 1.4160069312695112, 1.1694083853893358, 1.3317341402500604, 1.4777800044567466, 1.4329804583860557, 1.3283261620049693, 1.2229033232709856, 1.260735821553103, 0.8964604409503153, 1.3509833198103514, 1.9841420758802408, 1.604731205958709, 0.7070621403250591, 1.0772537981190786, 1.280825565184854, 1.4415280367479104, 1.081021208562667, 1.1264578779628087, 0.0]]\n"
          ],
          "name": "stdout"
        }
      ]
    }
  ]
}